Date;Minutes Watched;Hours Watched;Total Watch Count;Series Watch Count;Movie Watch Count
2009-09-06;71;1.18;1;0;1;
2009-09-07;0;0.0;0;0;0;
2009-09-08;215;3.58;2;0;2;
2009-09-09;117;1.95;1;0;1;
2009-09-10;115;1.92;1;0;1;
2009-09-11;0;0.0;0;0;0;
2009-09-12;189;3.15;2;0;2;
2009-09-13;467;7.78;6;0;5;
2009-09-14;93;1.55;1;0;1;
2009-09-15;317;5.28;3;0;3;
2009-09-16;353;5.88;4;1;3;
2009-09-17;0;0.0;0;0;0;
2009-09-18;0;0.0;1;0;0;
2009-09-19;90;1.5;1;0;1;
2009-09-20;330;5.5;5;4;1;
2009-09-21;0;0.0;0;0;0;
2009-09-22;0;0.0;0;0;0;
2009-09-23;0;0.0;0;0;0;
2009-09-24;0;0.0;0;0;0;
2009-09-25;105;1.75;1;0;1;
2009-09-26;0;0.0;0;0;0;
2009-09-27;141;2.35;2;1;1;
2009-09-28;0;0.0;0;0;0;
2009-09-29;53;0.88;1;1;0;
2009-09-30;265;4.42;5;5;0;
2009-10-01;318;5.3;6;6;0;
2009-10-02;404;6.73;7;6;1;
2009-10-03;292;4.87;3;0;3;
2009-10-04;0;0.0;0;0;0;
2009-10-05;0;0.0;0;0;0;
2009-10-06;0;0.0;0;0;0;
2009-10-07;0;0.0;0;0;0;
2009-10-08;0;0.0;0;0;0;
2009-10-09;0;0.0;0;0;0;
2009-10-10;108;1.8;1;0;1;
2009-10-11;130;2.17;2;0;1;
2009-10-12;0;0.0;0;0;0;
2009-10-13;99;1.65;1;0;1;
2009-10-14;0;0.0;0;0;0;
2009-10-15;0;0.0;0;0;0;
2009-10-16;0;0.0;0;0;0;
2009-10-17;0;0.0;0;0;0;
2009-10-18;0;0.0;0;0;0;
2009-10-19;0;0.0;0;0;0;
2009-10-20;0;0.0;0;0;0;
2009-10-21;0;0.0;0;0;0;
2009-10-22;0;0.0;0;0;0;
2009-10-23;0;0.0;0;0;0;
2009-10-24;0;0.0;0;0;0;
2009-10-25;100;1.67;1;0;1;
2009-10-26;0;0.0;0;0;0;
2009-10-27;0;0.0;0;0;0;
2009-10-28;0;0.0;0;0;0;
2009-10-29;0;0.0;0;0;0;
2009-10-30;0;0.0;0;0;0;
2009-10-31;235;3.92;2;0;2;
2009-11-01;0;0.0;0;0;0;
2009-11-02;0;0.0;0;0;0;
2009-11-03;212;3.53;2;0;2;
2009-11-04;99;1.65;1;0;1;
2009-11-05;88;1.47;1;0;1;
2009-11-06;100;1.67;1;0;1;
2009-11-07;0;0.0;0;0;0;
2009-11-08;0;0.0;0;0;0;
2009-11-09;0;0.0;0;0;0;
2009-11-10;0;0.0;0;0;0;
2009-11-11;0;0.0;0;0;0;
2009-11-12;0;0.0;0;0;0;
2009-11-13;0;0.0;0;0;0;
2009-11-14;188;3.13;5;4;1;
2009-11-15;22;0.37;1;1;0;
2009-11-16;0;0.0;0;0;0;
2009-11-17;0;0.0;0;0;0;
2009-11-18;44;0.73;2;2;0;
2009-11-19;97;1.62;1;0;1;
2009-11-20;0;0.0;0;0;0;
2009-11-21;0;0.0;0;0;0;
2009-11-22;80;1.33;2;1;1;
2009-11-23;123;2.05;1;0;1;
2009-11-24;0;0.0;0;0;0;
2009-11-25;130;2.17;2;1;1;
2009-11-26;0;0.0;0;0;0;
2009-11-27;0;0.0;0;0;0;
2009-11-28;0;0.0;0;0;0;
2009-11-29;0;0.0;0;0;0;
2009-11-30;0;0.0;0;0;0;
2009-12-01;0;0.0;0;0;0;
2009-12-02;0;0.0;0;0;0;
2009-12-03;0;0.0;0;0;0;
2009-12-04;0;0.0;0;0;0;
2009-12-05;0;0.0;0;0;0;
2009-12-06;0;0.0;0;0;0;
2009-12-07;0;0.0;0;0;0;
2009-12-08;125;2.08;1;0;1;
2009-12-09;93;1.55;1;0;1;
2009-12-10;0;0.0;0;0;0;
2009-12-11;0;0.0;0;0;0;
2009-12-12;0;0.0;0;0;0;
2009-12-13;0;0.0;0;0;0;
2009-12-14;0;0.0;0;0;0;
2009-12-15;0;0.0;0;0;0;
2009-12-16;0;0.0;0;0;0;
2009-12-17;0;0.0;0;0;0;
2009-12-18;0;0.0;0;0;0;
2009-12-19;0;0.0;0;0;0;
2009-12-20;180;3.0;2;2;0;
2009-12-21;0;0.0;0;0;0;
2009-12-22;0;0.0;0;0;0;
2009-12-23;0;0.0;0;0;0;
2009-12-24;0;0.0;0;0;0;
2009-12-25;175;2.92;2;0;2;
2009-12-26;0;0.0;0;0;0;
2009-12-27;88;1.47;1;0;1;
2009-12-28;0;0.0;0;0;0;
2009-12-29;0;0.0;0;0;0;
2009-12-30;0;0.0;0;0;0;
2009-12-31;0;0.0;0;0;0;
2010-01-01;100;1.67;2;0;2;
2010-01-02;0;0.0;0;0;0;
2010-01-03;0;0.0;0;0;0;
2010-01-04;0;0.0;0;0;0;
2010-01-05;0;0.0;0;0;0;
2010-01-06;0;0.0;0;0;0;
2010-01-07;0;0.0;0;0;0;
2010-01-08;0;0.0;0;0;0;
2010-01-09;0;0.0;0;0;0;
2010-01-10;0;0.0;0;0;0;
2010-01-11;0;0.0;0;0;0;
2010-01-12;0;0.0;0;0;0;
2010-01-13;0;0.0;0;0;0;
2010-01-14;0;0.0;0;0;0;
2010-01-15;0;0.0;0;0;0;
2010-01-16;0;0.0;0;0;0;
2010-01-17;0;0.0;0;0;0;
2010-01-18;0;0.0;0;0;0;
2010-01-19;0;0.0;0;0;0;
2010-01-20;0;0.0;0;0;0;
2010-01-21;0;0.0;0;0;0;
2010-01-22;0;0.0;0;0;0;
2010-01-23;0;0.0;0;0;0;
2010-01-24;0;0.0;0;0;0;
2010-01-25;0;0.0;0;0;0;
2010-01-26;0;0.0;0;0;0;
2010-01-27;0;0.0;0;0;0;
2010-01-28;0;0.0;0;0;0;
2010-01-29;0;0.0;0;0;0;
2010-01-30;137;2.28;2;1;1;
2010-01-31;0;0.0;0;0;0;
2010-02-01;0;0.0;0;0;0;
2010-02-02;0;0.0;0;0;0;
2010-02-03;191;3.18;2;0;2;
2010-02-04;0;0.0;0;0;0;
2010-02-05;0;0.0;0;0;0;
2010-02-06;0;0.0;0;0;0;
2010-02-07;0;0.0;0;0;0;
2010-02-08;0;0.0;0;0;0;
2010-02-09;0;0.0;0;0;0;
2010-02-10;0;0.0;0;0;0;
2010-02-11;0;0.0;0;0;0;
2010-02-12;0;0.0;0;0;0;
2010-02-13;0;0.0;0;0;0;
2010-02-14;0;0.0;0;0;0;
2010-02-15;0;0.0;0;0;0;
2010-02-16;0;0.0;0;0;0;
2010-02-17;0;0.0;0;0;0;
2010-02-18;0;0.0;0;0;0;
2010-02-19;496;8.27;2;0;2;
2010-02-20;91;1.52;1;0;1;
2010-02-21;0;0.0;0;0;0;
2010-02-22;0;0.0;0;0;0;
2010-02-23;0;0.0;0;0;0;
2010-02-24;91;1.52;1;0;1;
2010-02-25;0;0.0;0;0;0;
2010-02-26;128;2.13;1;0;1;
2010-02-27;0;0.0;0;0;0;
2010-02-28;0;0.0;0;0;0;
2010-03-01;0;0.0;0;0;0;
2010-03-02;0;0.0;0;0;0;
2010-03-03;0;0.0;0;0;0;
2010-03-04;0;0.0;0;0;0;
2010-03-05;0;0.0;0;0;0;
2010-03-06;0;0.0;0;0;0;
2010-03-07;744;12.4;3;0;3;
2010-03-08;0;0.0;0;0;0;
2010-03-09;0;0.0;0;0;0;
2010-03-10;0;0.0;0;0;0;
2010-03-11;0;0.0;0;0;0;
2010-03-12;0;0.0;0;0;0;
2010-03-13;0;0.0;0;0;0;
2010-03-14;0;0.0;0;0;0;
2010-03-15;0;0.0;0;0;0;
2010-03-16;0;0.0;0;0;0;
2010-03-17;0;0.0;0;0;0;
2010-03-18;0;0.0;0;0;0;
2010-03-19;0;0.0;0;0;0;
2010-03-20;0;0.0;0;0;0;
2010-03-21;0;0.0;0;0;0;
2010-03-22;0;0.0;0;0;0;
2010-03-23;0;0.0;0;0;0;
2010-03-24;0;0.0;0;0;0;
2010-03-25;0;0.0;0;0;0;
2010-03-26;0;0.0;0;0;0;
2010-03-27;85;1.42;1;0;1;
2010-03-28;0;0.0;0;0;0;
2010-03-29;0;0.0;0;0;0;
2010-03-30;0;0.0;0;0;0;
2010-03-31;0;0.0;0;0;0;
2010-04-01;0;0.0;0;0;0;
2010-04-02;0;0.0;0;0;0;
2010-04-03;0;0.0;0;0;0;
2010-04-04;0;0.0;0;0;0;
2010-04-05;0;0.0;0;0;0;
2010-04-06;0;0.0;0;0;0;
2010-04-07;0;0.0;0;0;0;
2010-04-08;0;0.0;0;0;0;
2010-04-09;0;0.0;0;0;0;
2010-04-10;0;0.0;0;0;0;
2010-04-11;0;0.0;0;0;0;
2010-04-12;0;0.0;0;0;0;
2010-04-13;0;0.0;0;0;0;
2010-04-14;0;0.0;0;0;0;
2010-04-15;0;0.0;0;0;0;
2010-04-16;0;0.0;0;0;0;
2010-04-17;0;0.0;0;0;0;
2010-04-18;0;0.0;0;0;0;
2010-04-19;0;0.0;0;0;0;
2010-04-20;0;0.0;0;0;0;
2010-04-21;0;0.0;0;0;0;
2010-04-22;0;0.0;0;0;0;
2010-04-23;129;2.15;1;0;1;
2010-04-24;0;0.0;0;0;0;
2010-04-25;0;0.0;0;0;0;
2010-04-26;0;0.0;0;0;0;
2010-04-27;0;0.0;0;0;0;
2010-04-28;0;0.0;0;0;0;
2010-04-29;0;0.0;0;0;0;
2010-04-30;0;0.0;0;0;0;
2010-05-01;44;0.73;1;1;0;
2010-05-02;308;5.13;7;7;0;
2010-05-03;264;4.4;6;6;0;
2010-05-04;144;2.4;1;0;1;
2010-05-05;66;1.1;2;2;0;
2010-05-06;0;0.0;0;0;0;
2010-05-07;0;0.0;0;0;0;
2010-05-08;0;0.0;0;0;0;
2010-05-09;0;0.0;0;0;0;
2010-05-10;0;0.0;0;0;0;
2010-05-11;0;0.0;0;0;0;
2010-05-12;0;0.0;0;0;0;
2010-05-13;352;5.87;8;8;0;
2010-05-14;264;4.4;6;6;0;
2010-05-15;0;0.0;0;0;0;
2010-05-16;308;5.13;7;7;0;
2010-05-17;616;10.27;14;14;0;
2010-05-18;220;3.67;5;5;0;
2010-05-19;528;8.8;12;12;0;
2010-05-20;362;6.03;7;6;1;
2010-05-21;309;5.15;4;1;3;
2010-05-22;160;2.67;3;1;2;
2010-05-23;0;0.0;0;0;0;
2010-05-24;0;0.0;0;0;0;
2010-05-25;74;1.23;3;3;0;
2010-05-26;210;3.5;7;7;0;
2010-05-27;321;5.35;5;3;2;
2010-05-28;900;15.0;6;1;5;
2010-05-29;391;6.52;11;10;1;
2010-05-30;505;8.42;13;12;1;
2010-05-31;854;14.23;20;20;0;
2010-06-01;688;11.47;16;16;0;
2010-06-02;318;5.3;6;5;1;
2010-06-03;0;0.0;0;0;0;
2010-06-04;0;0.0;0;0;0;
2010-06-05;0;0.0;0;0;0;
2010-06-06;0;0.0;0;0;0;
2010-06-07;0;0.0;0;0;0;
2010-06-08;0;0.0;0;0;0;
2010-06-09;0;0.0;0;0;0;
2010-06-10;0;0.0;0;0;0;
2010-06-11;0;0.0;0;0;0;
2010-06-12;90;1.5;1;1;0;
2010-06-13;0;0.0;0;0;0;
2010-06-14;0;0.0;0;0;0;
2010-06-15;0;0.0;0;0;0;
2010-06-16;496;8.27;9;5;4;
2010-06-17;0;0.0;0;0;0;
2010-06-18;97;1.62;1;0;1;
2010-06-19;0;0.0;0;0;0;
2010-06-20;0;0.0;0;0;0;
2010-06-21;115;1.92;1;0;1;
2010-06-22;0;0.0;0;0;0;
2010-06-23;0;0.0;0;0;0;
2010-06-24;0;0.0;0;0;0;
2010-06-25;0;0.0;0;0;0;
2010-06-26;0;0.0;0;0;0;
2010-06-27;0;0.0;0;0;0;
2010-06-28;0;0.0;0;0;0;
2010-06-29;0;0.0;0;0;0;
2010-06-30;0;0.0;0;0;0;
2010-07-01;0;0.0;0;0;0;
2010-07-02;0;0.0;0;0;0;
2010-07-03;0;0.0;0;0;0;
2010-07-04;0;0.0;0;0;0;
2010-07-05;0;0.0;0;0;0;
2010-07-06;0;0.0;0;0;0;
2010-07-07;88;1.47;1;0;1;
2010-07-08;322;5.37;8;7;1;
2010-07-09;0;0.0;0;0;0;
2010-07-10;0;0.0;0;0;0;
2010-07-11;44;0.73;2;2;0;
2010-07-12;184;3.07;9;9;0;
2010-07-13;198;3.3;2;0;2;
2010-07-14;0;0.0;0;0;0;
2010-07-15;0;0.0;0;0;0;
2010-07-16;0;0.0;0;0;0;
2010-07-17;0;0.0;0;0;0;
2010-07-18;0;0.0;0;0;0;
2010-07-19;0;0.0;0;0;0;
2010-07-20;0;0.0;0;0;0;
2010-07-21;0;0.0;0;0;0;
2010-07-22;0;0.0;0;0;0;
2010-07-23;0;0.0;0;0;0;
2010-07-24;0;0.0;0;0;0;
2010-07-25;202;3.37;3;2;1;
2010-07-26;44;0.73;2;2;0;
2010-07-27;22;0.37;1;1;0;
2010-07-28;22;0.37;1;1;0;
2010-07-29;0;0.0;0;0;0;
2010-07-30;0;0.0;0;0;0;
2010-07-31;0;0.0;0;0;0;
2010-08-01;0;0.0;0;0;0;
2010-08-02;0;0.0;0;0;0;
2010-08-03;60;1.0;1;0;1;
2010-08-04;154;2.57;7;7;0;
2010-08-05;0;0.0;0;0;0;
2010-08-06;0;0.0;0;0;0;
2010-08-07;0;0.0;0;0;0;
2010-08-08;0;0.0;1;0;0;
2010-08-09;22;0.37;1;1;0;
2010-08-10;198;3.3;9;9;0;
2010-08-11;66;1.1;3;3;0;
2010-08-12;119;1.98;1;0;1;
2010-08-13;0;0.0;0;0;0;
2010-08-14;0;0.0;0;0;0;
2010-08-15;0;0.0;0;0;0;
2010-08-16;0;0.0;0;0;0;
2010-08-17;0;0.0;0;0;0;
2010-08-18;0;0.0;0;0;0;
2010-08-19;0;0.0;0;0;0;
2010-08-20;0;0.0;0;0;0;
2010-08-21;60;1.0;2;2;0;
2010-08-22;0;0.0;0;0;0;
2010-08-23;0;0.0;0;0;0;
2010-08-24;0;0.0;0;0;0;
2010-08-25;0;0.0;0;0;0;
2010-08-26;0;0.0;0;0;0;
2010-08-27;240;4.0;6;6;0;
2010-08-28;0;0.0;0;0;0;
2010-08-29;0;0.0;0;0;0;
2010-08-30;22;0.37;2;2;0;
2010-08-31;0;0.0;0;0;0;
2010-09-01;0;0.0;0;0;0;
2010-09-02;0;0.0;0;0;0;
2010-09-03;0;0.0;0;0;0;
2010-09-04;0;0.0;0;0;0;
2010-09-05;126;2.1;1;0;1;
2010-09-06;186;3.1;4;3;1;
2010-09-07;197;3.28;2;1;1;
2010-09-08;0;0.0;0;0;0;
2010-09-09;40;0.67;1;1;0;
2010-09-10;114;1.9;1;0;1;
2010-09-11;135;2.25;3;2;1;
2010-09-12;138;2.3;3;2;1;
2010-09-13;459;7.65;4;1;3;
2010-09-14;0;0.0;0;0;0;
2010-09-15;0;0.0;0;0;0;
2010-09-16;0;0.0;0;0;0;
2010-09-17;0;0.0;0;0;0;
2010-09-18;0;0.0;0;0;0;
2010-09-19;0;0.0;0;0;0;
2010-09-20;0;0.0;0;0;0;
2010-09-21;0;0.0;0;0;0;
2010-09-22;0;0.0;0;0;0;
2010-09-23;132;2.2;3;3;0;
2010-09-24;176;2.93;4;4;0;
2010-09-25;0;0.0;0;0;0;
2010-09-26;0;0.0;0;0;0;
2010-09-27;0;0.0;0;0;0;
2010-09-28;0;0.0;0;0;0;
2010-09-29;0;0.0;0;0;0;
2010-09-30;0;0.0;0;0;0;
2010-10-01;0;0.0;0;0;0;
2010-10-02;0;0.0;0;0;0;
2010-10-03;0;0.0;0;0;0;
2010-10-04;0;0.0;0;0;0;
2010-10-05;22;0.37;1;1;0;
2010-10-06;0;0.0;0;0;0;
2010-10-07;44;0.73;1;1;0;
2010-10-08;0;0.0;0;0;0;
2010-10-09;0;0.0;0;0;0;
2010-10-10;0;0.0;0;0;0;
2010-10-11;195;3.25;2;0;2;
2010-10-12;44;0.73;1;1;0;
2010-10-13;40;0.67;1;1;0;
2010-10-14;0;0.0;0;0;0;
2010-10-15;40;0.67;1;1;0;
2010-10-16;0;0.0;0;0;0;
2010-10-17;0;0.0;0;0;0;
2010-10-18;0;0.0;0;0;0;
2010-10-19;180;3.0;2;0;2;
2010-10-20;0;0.0;0;0;0;
2010-10-21;22;0.37;1;1;0;
2010-10-22;0;0.0;0;0;0;
2010-10-23;0;0.0;0;0;0;
2010-10-24;0;0.0;0;0;0;
2010-10-25;0;0.0;0;0;0;
2010-10-26;0;0.0;0;0;0;
2010-10-27;0;0.0;0;0;0;
2010-10-28;0;0.0;0;0;0;
2010-10-29;0;0.0;0;0;0;
2010-10-30;0;0.0;0;0;0;
2010-10-31;0;0.0;0;0;0;
2010-11-01;30;0.5;1;1;0;
2010-11-02;120;2.0;4;4;0;
2010-11-03;0;0.0;0;0;0;
2010-11-04;30;0.5;1;1;0;
2010-11-05;0;0.0;0;0;0;
2010-11-06;0;0.0;0;0;0;
2010-11-07;0;0.0;0;0;0;
2010-11-08;52;0.87;2;2;0;
2010-11-09;30;0.5;1;1;0;
2010-11-10;0;0.0;0;0;0;
2010-11-11;30;0.5;1;1;0;
2010-11-12;60;1.0;2;2;0;
2010-11-13;384;6.4;4;0;4;
2010-11-14;104;1.73;1;0;1;
2010-11-15;0;0.0;0;0;0;
2010-11-16;0;0.0;0;0;0;
2010-11-17;0;0.0;0;0;0;
2010-11-18;0;0.0;0;0;0;
2010-11-19;0;0.0;0;0;0;
2010-11-20;0;0.0;0;0;0;
2010-11-21;0;0.0;0;0;0;
2010-11-22;0;0.0;0;0;0;
2010-11-23;0;0.0;0;0;0;
2010-11-24;0;0.0;0;0;0;
2010-11-25;0;0.0;0;0;0;
2010-11-26;0;0.0;0;0;0;
2010-11-27;0;0.0;0;0;0;
2010-11-28;0;0.0;0;0;0;
2010-11-29;0;0.0;0;0;0;
2010-11-30;0;0.0;0;0;0;
2010-12-01;60;1.0;2;2;0;
2010-12-02;0;0.0;0;0;0;
2010-12-03;0;0.0;0;0;0;
2010-12-04;0;0.0;0;0;0;
2010-12-05;0;0.0;0;0;0;
2010-12-06;0;0.0;0;0;0;
2010-12-07;0;0.0;0;0;0;
2010-12-08;0;0.0;0;0;0;
2010-12-09;0;0.0;0;0;0;
2010-12-10;0;0.0;0;0;0;
2010-12-11;0;0.0;0;0;0;
2010-12-12;0;0.0;0;0;0;
2010-12-13;0;0.0;0;0;0;
2010-12-14;0;0.0;0;0;0;
2010-12-15;0;0.0;0;0;0;
2010-12-16;0;0.0;0;0;0;
2010-12-17;0;0.0;0;0;0;
2010-12-18;0;0.0;0;0;0;
2010-12-19;0;0.0;0;0;0;
2010-12-20;0;0.0;0;0;0;
2010-12-21;0;0.0;0;0;0;
2010-12-22;0;0.0;0;0;0;
2010-12-23;0;0.0;0;0;0;
2010-12-24;0;0.0;0;0;0;
2010-12-25;0;0.0;0;0;0;
2010-12-26;0;0.0;0;0;0;
2010-12-27;0;0.0;0;0;0;
2010-12-28;0;0.0;0;0;0;
2010-12-29;0;0.0;0;0;0;
2010-12-30;134;2.23;2;1;1;
2010-12-31;0;0.0;0;0;0;
2011-01-01;0;0.0;0;0;0;
2011-01-02;310;5.17;4;1;3;
2011-01-03;60;1.0;2;2;0;
2011-01-04;0;0.0;0;0;0;
2011-01-05;0;0.0;0;0;0;
2011-01-06;0;0.0;0;0;0;
2011-01-07;0;0.0;0;0;0;
2011-01-08;90;1.5;3;3;0;
2011-01-09;125;2.08;2;1;1;
2011-01-10;0;0.0;0;0;0;
2011-01-11;0;0.0;0;0;0;
2011-01-12;0;0.0;0;0;0;
2011-01-13;0;0.0;0;0;0;
2011-01-14;0;0.0;0;0;0;
2011-01-15;0;0.0;0;0;0;
2011-01-16;0;0.0;0;0;0;
2011-01-17;0;0.0;0;0;0;
2011-01-18;0;0.0;0;0;0;
2011-01-19;0;0.0;0;0;0;
2011-01-20;0;0.0;0;0;0;
2011-01-21;0;0.0;0;0;0;
2011-01-22;0;0.0;0;0;0;
2011-01-23;0;0.0;0;0;0;
2011-01-24;0;0.0;0;0;0;
2011-01-25;105;1.75;1;0;1;
2011-01-26;0;0.0;0;0;0;
2011-01-27;0;0.0;0;0;0;
2011-01-28;0;0.0;0;0;0;
2011-01-29;0;0.0;0;0;0;
2011-01-30;0;0.0;0;0;0;
2011-01-31;0;0.0;0;0;0;
2011-02-01;0;0.0;0;0;0;
2011-02-02;744;12.4;3;0;3;
2011-02-03;744;12.4;3;0;3;
2011-02-04;119;1.98;1;0;1;
2011-02-05;0;0.0;0;0;0;
2011-02-06;496;8.27;2;0;2;
2011-02-07;270;4.5;2;1;1;
2011-02-08;176;2.93;8;8;0;
2011-02-09;66;1.1;3;3;0;
2011-02-10;154;2.57;7;7;0;
2011-02-11;132;2.2;6;6;0;
2011-02-12;0;0.0;0;0;0;
2011-02-13;0;0.0;0;0;0;
2011-02-14;0;0.0;0;0;0;
2011-02-15;0;0.0;0;0;0;
2011-02-16;0;0.0;0;0;0;
2011-02-17;248;4.13;1;0;1;
2011-02-18;0;0.0;0;0;0;
2011-02-19;308;5.13;2;1;1;
2011-02-20;0;0.0;0;0;0;
2011-02-21;0;0.0;0;0;0;
2011-02-22;0;0.0;0;0;0;
2011-02-23;0;0.0;0;0;0;
2011-02-24;0;0.0;0;0;0;
2011-02-25;75;1.25;3;3;0;
2011-02-26;0;0.0;0;0;0;
2011-02-27;0;0.0;0;0;0;
2011-02-28;0;0.0;0;0;0;
2011-03-01;0;0.0;0;0;0;
2011-03-02;78;1.3;1;0;1;
2011-03-03;0;0.0;0;0;0;
2011-03-04;0;0.0;0;0;0;
2011-03-05;0;0.0;0;0;0;
2011-03-06;0;0.0;0;0;0;
2011-03-07;0;0.0;0;0;0;
2011-03-08;0;0.0;0;0;0;
2011-03-09;0;0.0;0;0;0;
2011-03-10;0;0.0;0;0;0;
2011-03-11;87;1.45;1;0;1;
2011-03-12;0;0.0;0;0;0;
2011-03-13;0;0.0;0;0;0;
2011-03-14;0;0.0;0;0;0;
2011-03-15;0;0.0;0;0;0;
2011-03-16;0;0.0;0;0;0;
2011-03-17;0;0.0;0;0;0;
2011-03-18;0;0.0;0;0;0;
2011-03-19;0;0.0;0;0;0;
2011-03-20;0;0.0;0;0;0;
2011-03-21;0;0.0;0;0;0;
2011-03-22;0;0.0;0;0;0;
2011-03-23;97;1.62;1;0;1;
2011-03-24;0;0.0;0;0;0;
2011-03-25;0;0.0;0;0;0;
2011-03-26;0;0.0;0;0;0;
2011-03-27;0;0.0;0;0;0;
2011-03-28;0;0.0;0;0;0;
2011-03-29;44;0.73;2;2;0;
2011-03-30;217;3.62;4;2;2;
2011-03-31;165;2.75;2;0;2;
2011-04-01;224;3.73;1;0;1;
2011-04-02;0;0.0;0;0;0;
2011-04-03;0;0.0;0;0;0;
2011-04-04;0;0.0;0;0;0;
2011-04-05;110;1.83;5;5;0;
2011-04-06;0;0.0;0;0;0;
2011-04-07;0;0.0;0;0;0;
2011-04-08;0;0.0;0;0;0;
2011-04-09;0;0.0;0;0;0;
2011-04-10;0;0.0;0;0;0;
2011-04-11;242;4.03;11;11;0;
2011-04-12;0;0.0;0;0;0;
2011-04-13;0;0.0;0;0;0;
2011-04-14;0;0.0;0;0;0;
2011-04-15;0;0.0;0;0;0;
2011-04-16;0;0.0;0;0;0;
2011-04-17;0;0.0;0;0;0;
2011-04-18;0;0.0;0;0;0;
2011-04-19;0;0.0;0;0;0;
2011-04-20;0;0.0;0;0;0;
2011-04-21;0;0.0;0;0;0;
2011-04-22;0;0.0;0;0;0;
2011-04-23;0;0.0;0;0;0;
2011-04-24;0;0.0;0;0;0;
2011-04-25;0;0.0;0;0;0;
2011-04-26;0;0.0;0;0;0;
2011-04-27;100;1.67;1;0;1;
2011-04-28;0;0.0;0;0;0;
2011-04-29;0;0.0;0;0;0;
2011-04-30;0;0.0;0;0;0;
2011-05-01;41;0.68;1;1;0;
2011-05-02;0;0.0;0;0;0;
2011-05-03;0;0.0;0;0;0;
2011-05-04;0;0.0;0;0;0;
2011-05-05;0;0.0;0;0;0;
2011-05-06;0;0.0;0;0;0;
2011-05-07;0;0.0;0;0;0;
2011-05-08;0;0.0;0;0;0;
2011-05-09;0;0.0;0;0;0;
2011-05-10;0;0.0;0;0;0;
2011-05-11;117;1.95;1;0;1;
2011-05-12;0;0.0;0;0;0;
2011-05-13;0;0.0;0;0;0;
2011-05-14;0;0.0;0;0;0;
2011-05-15;107;1.78;1;0;1;
2011-05-16;0;0.0;0;0;0;
2011-05-17;0;0.0;0;0;0;
2011-05-18;0;0.0;0;0;0;
2011-05-19;0;0.0;0;0;0;
2011-05-20;0;0.0;0;0;0;
2011-05-21;0;0.0;0;0;0;
2011-05-22;0;0.0;0;0;0;
2011-05-23;0;0.0;0;0;0;
2011-05-24;0;0.0;0;0;0;
2011-05-25;0;0.0;0;0;0;
2011-05-26;0;0.0;0;0;0;
2011-05-27;0;0.0;0;0;0;
2011-05-28;0;0.0;0;0;0;
2011-05-29;0;0.0;0;0;0;
2011-05-30;193;3.22;3;1;2;
2011-05-31;30;0.5;1;1;0;
2011-06-01;0;0.0;0;0;0;
2011-06-02;0;0.0;0;0;0;
2011-06-03;0;0.0;0;0;0;
2011-06-04;0;0.0;0;0;0;
2011-06-05;25;0.42;1;1;0;
2011-06-06;50;0.83;2;2;0;
2011-06-07;50;0.83;2;2;0;
2011-06-08;0;0.0;0;0;0;
2011-06-09;0;0.0;0;0;0;
2011-06-10;0;0.0;0;0;0;
2011-06-11;0;0.0;0;0;0;
2011-06-12;0;0.0;0;0;0;
2011-06-13;90;1.5;3;3;0;
2011-06-14;0;0.0;0;0;0;
2011-06-15;59;0.98;1;0;1;
2011-06-16;0;0.0;0;0;0;
2011-06-17;0;0.0;0;0;0;
2011-06-18;0;0.0;0;0;0;
2011-06-19;261;4.35;3;1;2;
2011-06-20;0;0.0;0;0;0;
2011-06-21;107;1.78;2;1;1;
2011-06-22;22;0.37;1;1;0;
2011-06-23;0;0.0;0;0;0;
2011-06-24;0;0.0;0;0;0;
2011-06-25;0;0.0;0;0;0;
2011-06-26;0;0.0;0;0;0;
2011-06-27;0;0.0;0;0;0;
2011-06-28;224;3.73;2;0;2;
2011-06-29;66;1.1;3;3;0;
2011-06-30;0;0.0;0;0;0;
2011-07-01;104;1.73;1;0;1;
2011-07-02;100;1.67;1;0;1;
2011-07-03;0;0.0;0;0;0;
2011-07-04;0;0.0;0;0;0;
2011-07-05;258;4.3;3;1;2;
2011-07-06;0;0.0;0;0;0;
2011-07-07;0;0.0;0;0;0;
2011-07-08;0;0.0;0;0;0;
2011-07-09;0;0.0;0;0;0;
2011-07-10;22;0.37;1;1;0;
2011-07-11;87;1.45;1;0;1;
2011-07-12;132;2.2;6;6;0;
2011-07-13;0;0.0;0;0;0;
2011-07-14;0;0.0;0;0;0;
2011-07-15;0;0.0;0;0;0;
2011-07-16;0;0.0;0;0;0;
2011-07-17;0;0.0;0;0;0;
2011-07-18;0;0.0;0;0;0;
2011-07-19;0;0.0;0;0;0;
2011-07-20;22;0.37;1;1;0;
2011-07-21;22;0.37;1;1;0;
2011-07-22;0;0.0;0;0;0;
2011-07-23;0;0.0;0;0;0;
2011-07-24;0;0.0;0;0;0;
2011-07-25;0;0.0;0;0;0;
2011-07-26;0;0.0;0;0;0;
2011-07-27;0;0.0;0;0;0;
2011-07-28;0;0.0;0;0;0;
2011-07-29;0;0.0;0;0;0;
2011-07-30;0;0.0;0;0;0;
2011-07-31;0;0.0;0;0;0;
2011-08-01;0;0.0;0;0;0;
2011-08-02;0;0.0;0;0;0;
2011-08-03;0;0.0;0;0;0;
2011-08-04;0;0.0;0;0;0;
2011-08-05;0;0.0;0;0;0;
2011-08-06;0;0.0;0;0;0;
2011-08-07;0;0.0;0;0;0;
2011-08-08;0;0.0;0;0;0;
2011-08-09;0;0.0;0;0;0;
2011-08-10;0;0.0;0;0;0;
2011-08-11;0;0.0;0;0;0;
2011-08-12;0;0.0;0;0;0;
2011-08-13;0;0.0;0;0;0;
2011-08-14;0;0.0;0;0;0;
2011-08-15;0;0.0;0;0;0;
2011-08-16;22;0.37;1;1;0;
2011-08-17;0;0.0;0;0;0;
2011-08-18;0;0.0;0;0;0;
2011-08-19;0;0.0;0;0;0;
2011-08-20;0;0.0;0;0;0;
2011-08-21;0;0.0;0;0;0;
2011-08-22;160;2.67;2;1;1;
2011-08-23;91;1.52;2;2;0;
2011-08-24;120;2.0;4;4;0;
2011-08-25;60;1.0;2;2;0;
2011-08-26;0;0.0;0;0;0;
2011-08-27;233;3.88;3;1;2;
2011-08-28;60;1.0;2;2;0;
2011-08-29;150;2.5;5;5;0;
2011-08-30;60;1.0;2;2;0;
2011-08-31;175;2.92;4;3;1;
2011-09-01;180;3.0;6;6;0;
2011-09-02;30;0.5;1;1;0;
2011-09-03;30;0.5;1;1;0;
2011-09-04;30;0.5;2;2;0;
2011-09-05;60;1.0;2;2;0;
2011-09-06;60;1.0;2;2;0;
2011-09-07;44;0.73;2;2;0;
2011-09-08;120;2.0;2;2;0;
2011-09-09;0;0.0;0;0;0;
2011-09-10;0;0.0;0;0;0;
2011-09-11;164;2.73;4;4;0;
2011-09-12;60;1.0;1;1;0;
2011-09-13;60;1.0;1;1;0;
2011-09-14;60;1.0;1;1;0;
2011-09-15;120;2.0;2;2;0;
2011-09-16;60;1.0;1;1;0;
2011-09-17;106;1.77;1;0;1;
2011-09-18;150;2.5;2;1;1;
2011-09-19;139;2.32;2;1;1;
2011-09-20;66;1.1;3;3;0;
2011-09-21;44;0.73;2;2;0;
2011-09-22;22;0.37;1;1;0;
2011-09-23;0;0.0;0;0;0;
2011-09-24;137;2.28;3;2;1;
2011-09-25;79;1.32;1;0;1;
2011-09-26;0;0.0;0;0;0;
2011-09-27;0;0.0;0;0;0;
2011-09-28;0;0.0;0;0;0;
2011-09-29;22;0.37;1;1;0;
2011-09-30;0;0.0;0;0;0;
2011-10-01;176;2.93;4;4;0;
2011-10-02;373;6.22;8;8;0;
2011-10-03;0;0.0;0;0;0;
2011-10-04;110;1.83;4;4;0;
2011-10-05;0;0.0;0;0;0;
2011-10-06;138;2.3;3;3;0;
2011-10-07;0;0.0;0;0;0;
2011-10-08;373;6.22;8;8;0;
2011-10-09;351;5.85;8;8;0;
2011-10-10;0;0.0;0;0;0;
2011-10-11;0;0.0;0;0;0;
2011-10-12;116;1.93;3;3;0;
2011-10-13;22;0.37;1;1;0;
2011-10-14;0;0.0;0;0;0;
2011-10-15;180;3.0;3;2;1;
2011-10-16;0;0.0;0;0;0;
2011-10-17;91;1.52;3;3;0;
2011-10-18;163;2.72;4;4;0;
2011-10-19;69;1.15;2;2;0;
2011-10-20;325;5.42;8;8;0;
2011-10-21;77;1.28;2;2;0;
2011-10-22;47;0.78;1;1;0;
2011-10-23;47;0.78;1;1;0;
2011-10-24;0;0.0;0;0;0;
2011-10-25;44;0.73;2;2;0;
2011-10-26;0;0.0;0;0;0;
2011-10-27;47;0.78;1;1;0;
2011-10-28;0;0.0;0;0;0;
2011-10-29;88;1.47;2;2;0;
2011-10-30;243;4.05;4;3;1;
2011-10-31;44;0.73;1;1;0;
2011-11-01;0;0.0;0;0;0;
2011-11-02;132;2.2;3;3;0;
2011-11-03;358;5.97;8;8;0;
2011-11-04;0;0.0;0;0;0;
2011-11-05;272;4.53;6;4;2;
2011-11-06;185;3.08;4;4;0;
2011-11-07;0;0.0;0;0;0;
2011-11-08;0;0.0;0;0;0;
2011-11-09;66;1.1;3;3;0;
2011-11-10;0;0.0;0;0;0;
2011-11-11;0;0.0;0;0;0;
2011-11-12;90;1.5;1;0;1;
2011-11-13;44;0.73;1;1;0;
2011-11-14;0;0.0;0;0;0;
2011-11-15;0;0.0;0;0;0;
2011-11-16;22;0.37;1;1;0;
2011-11-17;44;0.73;1;1;0;
2011-11-18;0;0.0;0;0;0;
2011-11-19;0;0.0;0;0;0;
2011-11-20;0;0.0;0;0;0;
2011-11-21;0;0.0;0;0;0;
2011-11-22;0;0.0;0;0;0;
2011-11-23;48;0.8;2;2;0;
2011-11-24;0;0.0;0;0;0;
2011-11-25;0;0.0;0;0;0;
2011-11-26;0;0.0;0;0;0;
2011-11-27;132;2.2;6;6;0;
2011-11-28;0;0.0;0;0;0;
2011-11-29;164;2.73;2;0;2;
2011-11-30;90;1.5;3;3;0;
2011-12-01;90;1.5;3;3;0;
2011-12-02;0;0.0;0;0;0;
2011-12-03;362;6.03;9;8;1;
2011-12-04;516;8.6;10;7;3;
2011-12-05;0;0.0;0;0;0;
2011-12-06;30;0.5;1;1;0;
2011-12-07;90;1.5;3;3;0;
2011-12-08;0;0.0;0;0;0;
2011-12-09;0;0.0;0;0;0;
2011-12-10;0;0.0;0;0;0;
2011-12-11;30;0.5;1;1;0;
2011-12-12;0;0.0;0;0;0;
2011-12-13;0;0.0;0;0;0;
2011-12-14;22;0.37;1;1;0;
2011-12-15;0;0.0;0;0;0;
2011-12-16;103;1.72;1;0;1;
2011-12-17;0;0.0;0;0;0;
2011-12-18;120;2.0;1;0;1;
2011-12-19;82;1.37;1;0;1;
2011-12-20;0;0.0;0;0;0;
2011-12-21;164;2.73;2;0;2;
2011-12-22;274;4.57;7;5;2;
2011-12-23;246;4.1;3;0;3;
2011-12-24;777;12.95;9;0;9;
2011-12-25;108;1.8;1;0;1;
2011-12-26;105;1.75;1;0;1;
2011-12-27;95;1.58;1;0;1;
2011-12-28;101;1.68;1;0;1;
2011-12-29;74;1.23;3;3;0;
2011-12-30;242;4.03;7;6;1;
2011-12-31;264;4.4;3;0;3;
2012-01-01;532;8.87;12;8;4;
2012-01-02;374;6.23;17;17;0;
2012-01-03;22;0.37;1;1;0;
2012-01-04;0;0.0;0;0;0;
2012-01-05;0;0.0;0;0;0;
2012-01-06;66;1.1;3;3;0;
2012-01-07;220;3.67;4;1;3;
2012-01-08;0;0.0;0;0;0;
2012-01-09;0;0.0;0;0;0;
2012-01-10;66;1.1;3;3;0;
2012-01-11;0;0.0;0;0;0;
2012-01-12;288;4.8;6;3;2;
2012-01-13;106;1.77;2;2;0;
2012-01-14;180;3.0;3;3;0;
2012-01-15;312;5.2;9;9;0;
2012-01-16;225;3.75;3;2;1;
2012-01-17;176;2.93;3;2;1;
2012-01-18;214;3.57;5;4;1;
2012-01-19;341;5.68;5;3;2;
2012-01-20;66;1.1;3;3;0;
2012-01-21;206;3.43;3;2;1;
2012-01-22;457;7.62;12;10;2;
2012-01-23;0;0.0;0;0;0;
2012-01-24;126;2.1;4;4;0;
2012-01-25;0;0.0;0;0;0;
2012-01-26;66;1.1;3;3;0;
2012-01-27;120;2.0;4;4;0;
2012-01-28;110;1.83;6;6;0;
2012-01-29;288;4.8;9;8;1;
2012-01-30;0;0.0;0;0;0;
2012-01-31;116;1.93;1;0;1;
2012-02-01;66;1.1;3;3;0;
2012-02-02;66;1.1;3;3;0;
2012-02-03;132;2.2;6;6;0;
2012-02-04;622;10.37;14;12;2;
2012-02-05;215;3.58;8;8;0;
2012-02-06;22;0.37;1;1;0;
2012-02-07;0;0.0;0;0;0;
2012-02-08;22;0.37;1;1;0;
2012-02-09;207;3.45;5;3;2;
2012-02-10;0;0.0;0;0;0;
2012-02-11;0;0.0;0;0;0;
2012-02-12;118;1.97;2;1;1;
2012-02-13;27;0.45;3;3;0;
2012-02-14;60;1.0;2;1;1;
2012-02-15;22;0.37;1;1;0;
2012-02-16;120;2.0;9;9;0;
2012-02-17;0;0.0;0;0;0;
2012-02-18;106;1.77;6;6;0;
2012-02-19;336;5.6;20;20;0;
2012-02-20;27;0.45;3;3;0;
2012-02-21;0;0.0;0;0;0;
2012-02-22;0;0.0;0;0;0;
2012-02-23;0;0.0;0;0;0;
2012-02-24;109;1.82;1;0;1;
2012-02-25;93;1.55;1;0;1;
2012-02-26;0;0.0;0;0;0;
2012-02-27;0;0.0;0;0;0;
2012-02-28;0;0.0;0;0;0;
2012-02-29;0;0.0;0;0;0;
2012-03-01;0;0.0;0;0;0;
2012-03-02;133;2.22;3;2;1;
2012-03-03;88;1.47;4;4;0;
2012-03-04;103;1.72;1;0;1;
2012-03-05;0;0.0;0;0;0;
2012-03-06;0;0.0;0;0;0;
2012-03-07;0;0.0;0;0;0;
2012-03-08;0;0.0;0;0;0;
2012-03-09;0;0.0;0;0;0;
2012-03-10;0;0.0;0;0;0;
2012-03-11;0;0.0;0;0;0;
2012-03-12;0;0.0;0;0;0;
2012-03-13;0;0.0;0;0;0;
2012-03-14;0;0.0;0;0;0;
2012-03-15;0;0.0;0;0;0;
2012-03-16;0;0.0;0;0;0;
2012-03-17;0;0.0;0;0;0;
2012-03-18;0;0.0;1;1;0;
2012-03-19;176;2.93;8;8;0;
2012-03-20;66;1.1;3;3;0;
2012-03-21;0;0.0;0;0;0;
2012-03-22;61;1.02;1;0;1;
2012-03-23;0;0.0;0;0;0;
2012-03-24;0;0.0;0;0;0;
2012-03-25;0;0.0;0;0;0;
2012-03-26;0;0.0;0;0;0;
2012-03-27;0;0.0;0;0;0;
2012-03-28;0;0.0;0;0;0;
2012-03-29;22;0.37;1;1;0;
2012-03-30;22;0.37;1;1;0;
2012-03-31;340;5.67;9;6;2;
2012-04-01;159;2.65;4;3;1;
2012-04-02;155;2.58;2;1;1;
2012-04-03;315;5.25;9;8;1;
2012-04-04;293;4.88;3;0;3;
2012-04-05;44;0.73;1;1;0;
2012-04-06;264;4.4;12;12;0;
2012-04-07;44;0.73;1;1;0;
2012-04-08;44;0.73;1;1;0;
2012-04-09;44;0.73;1;1;0;
2012-04-10;110;1.83;4;4;0;
2012-04-11;0;0.0;0;0;0;
2012-04-12;0;0.0;0;0;0;
2012-04-13;0;0.0;0;0;0;
2012-04-14;0;0.0;0;0;0;
2012-04-15;0;0.0;0;0;0;
2012-04-16;88;1.47;2;2;0;
2012-04-17;0;0.0;0;0;0;
2012-04-18;0;0.0;0;0;0;
2012-04-19;132;2.2;3;3;0;
2012-04-20;220;3.67;5;5;0;
2012-04-21;806;13.43;17;16;1;
2012-04-22;396;6.6;9;9;0;
2012-04-23;88;1.47;3;3;0;
2012-04-24;66;1.1;2;2;0;
2012-04-25;506;8.43;12;12;0;
2012-04-26;396;6.6;9;9;0;
2012-04-27;132;2.2;4;4;0;
2012-04-28;220;3.67;5;5;0;
2012-04-29;110;1.83;3;3;0;
2012-04-30;0;0.0;0;0;0;
2012-05-01;176;2.93;4;4;0;
2012-05-02;198;3.3;6;6;0;
2012-05-03;22;0.37;1;1;0;
2012-05-04;0;0.0;0;0;0;
2012-05-05;252;4.2;4;2;2;
2012-05-06;0;0.0;0;0;0;
2012-05-07;44;0.73;1;1;0;
2012-05-08;44;0.73;1;1;0;
2012-05-09;154;2.57;4;4;0;
2012-05-10;55;0.92;1;0;1;
2012-05-11;205;3.42;2;0;2;
2012-05-12;181;3.02;3;2;1;
2012-05-13;290;4.83;6;4;2;
2012-05-14;110;1.83;3;3;0;
2012-05-15;132;2.2;4;4;0;
2012-05-16;0;0.0;0;0;0;
2012-05-17;44;0.73;1;1;0;
2012-05-18;273;4.55;5;4;1;
2012-05-19;180;3.0;3;3;0;
2012-05-20;955;15.92;19;15;3;
2012-05-21;72;1.2;2;2;0;
2012-05-22;90;1.5;3;3;0;
2012-05-23;134;2.23;5;5;0;
2012-05-24;156;2.6;4;4;0;
2012-05-25;0;0.0;0;0;0;
2012-05-26;0;0.0;0;0;0;
2012-05-27;230;3.83;7;7;0;
2012-05-28;352;5.87;7;6;1;
2012-05-29;44;0.73;1;1;0;
2012-05-30;44;0.73;4;4;0;
2012-05-31;210;3.5;5;5;0;
2012-06-01;42;0.7;2;2;0;
2012-06-02;414;6.9;6;5;1;
2012-06-03;270;4.5;7;7;0;
2012-06-04;0;0.0;0;0;0;
2012-06-05;104;1.73;3;2;1;
2012-06-06;200;3.33;6;5;1;
2012-06-07;292;4.87;3;0;3;
2012-06-08;22;0.37;1;1;0;
2012-06-09;99;1.65;1;0;1;
2012-06-10;88;1.47;4;4;0;
2012-06-11;0;0.0;0;0;0;
2012-06-12;90;1.5;1;0;1;
2012-06-13;22;0.37;1;1;0;
2012-06-14;44;0.73;2;2;0;
2012-06-15;0;0.0;0;0;0;
2012-06-16;217;3.62;7;6;1;
2012-06-17;218;3.63;6;5;1;
2012-06-18;132;2.2;6;6;0;
2012-06-19;0;0.0;0;0;0;
2012-06-20;0;0.0;0;0;0;
2012-06-21;159;2.65;5;3;1;
2012-06-22;0;0.0;0;0;0;
2012-06-23;0;0.0;0;0;0;
2012-06-24;0;0.0;0;0;0;
2012-06-25;22;0.37;1;1;0;
2012-06-26;0;0.0;0;0;0;
2012-06-27;0;0.0;0;0;0;
2012-06-28;0;0.0;0;0;0;
2012-06-29;0;0.0;0;0;0;
2012-06-30;97;1.62;1;0;1;
2012-07-01;291;4.85;9;8;1;
2012-07-02;143;2.38;3;2;1;
2012-07-03;94;1.57;4;4;0;
2012-07-04;307;5.12;13;13;0;
2012-07-05;25;0.42;1;1;0;
2012-07-06;50;0.83;2;2;0;
2012-07-07;200;3.33;8;8;0;
2012-07-08;175;2.92;7;7;0;
2012-07-09;85;1.42;1;0;1;
2012-07-10;207;3.45;9;9;0;
2012-07-11;97;1.62;4;4;0;
2012-07-12;512;8.53;10;2;5;
2012-07-13;25;0.42;1;1;0;
2012-07-14;75;1.25;3;3;0;
2012-07-15;200;3.33;8;8;0;
2012-07-16;72;1.2;3;3;0;
2012-07-17;100;1.67;4;4;0;
2012-07-18;50;0.83;2;2;0;
2012-07-19;75;1.25;3;3;0;
2012-07-20;176;2.93;4;3;1;
2012-07-21;125;2.08;5;5;0;
2012-07-22;275;4.58;11;11;0;
2012-07-23;150;2.5;6;6;0;
2012-07-24;100;1.67;4;4;0;
2012-07-25;75;1.25;3;3;0;
2012-07-26;100;1.67;4;4;0;
2012-07-27;50;0.83;2;2;0;
2012-07-28;302;5.03;10;8;2;
2012-07-29;279;4.65;12;12;0;
2012-07-30;153;2.55;3;2;1;
2012-07-31;200;3.33;8;8;0;
2012-08-01;72;1.2;3;3;0;
2012-08-02;72;1.2;3;3;0;
2012-08-03;66;1.1;3;3;0;
2012-08-04;0;0.0;0;0;0;
2012-08-05;85;1.42;1;0;1;
2012-08-06;0;0.0;0;0;0;
2012-08-07;0;0.0;0;0;0;
2012-08-08;0;0.0;0;0;0;
2012-08-09;0;0.0;0;0;0;
2012-08-10;0;0.0;0;0;0;
2012-08-11;0;0.0;0;0;0;
2012-08-12;0;0.0;0;0;0;
2012-08-13;0;0.0;0;0;0;
2012-08-14;0;0.0;0;0;0;
2012-08-15;0;0.0;0;0;0;
2012-08-16;0;0.0;0;0;0;
2012-08-17;0;0.0;0;0;0;
2012-08-18;0;0.0;0;0;0;
2012-08-19;0;0.0;0;0;0;
2012-08-20;56;0.93;2;2;0;
2012-08-21;28;0.47;1;1;0;
2012-08-22;28;0.47;1;1;0;
2012-08-23;28;0.47;1;1;0;
2012-08-24;0;0.0;0;0;0;
2012-08-25;28;0.47;1;1;0;
2012-08-26;343;5.72;8;8;0;
2012-08-27;219;3.65;6;6;0;
2012-08-28;135;2.25;3;3;0;
2012-08-29;189;3.15;3;2;1;
2012-08-30;135;2.25;3;3;0;
2012-08-31;90;1.5;2;2;0;
2012-09-01;404;6.73;8;7;1;
2012-09-02;255;4.25;6;6;0;
2012-09-03;180;3.0;4;4;0;
2012-09-04;191;3.18;5;5;0;
2012-09-05;45;0.75;1;1;0;
2012-09-06;0;0.0;0;0;0;
2012-09-07;0;0.0;0;0;0;
2012-09-08;0;0.0;0;0;0;
2012-09-09;0;0.0;0;0;0;
2012-09-10;0;0.0;0;0;0;
2012-09-11;0;0.0;0;0;0;
2012-09-12;0;0.0;0;0;0;
2012-09-13;0;0.0;0;0;0;
2012-09-14;0;0.0;0;0;0;
2012-09-15;0;0.0;0;0;0;
2012-09-16;205;3.42;2;0;2;
2012-09-17;47;0.78;1;0;1;
2012-09-18;0;0.0;0;0;0;
2012-09-19;0;0.0;0;0;0;
2012-09-20;88;1.47;1;0;1;
2012-09-21;0;0.0;0;0;0;
2012-09-22;104;1.73;1;0;1;
2012-09-23;229;3.82;2;0;2;
2012-09-24;0;0.0;0;0;0;
2012-09-25;0;0.0;0;0;0;
2012-09-26;0;0.0;0;0;0;
2012-09-27;106;1.77;1;0;1;
2012-09-28;0;0.0;0;0;0;
2012-09-29;97;1.62;1;0;1;
2012-09-30;360;6.0;7;6;1;
2012-10-01;88;1.47;3;3;0;
2012-10-02;22;0.37;1;1;0;
2012-10-03;0;0.0;0;0;0;
2012-10-04;0;0.0;0;0;0;
2012-10-05;0;0.0;0;0;0;
2012-10-06;178;2.97;2;0;2;
2012-10-07;0;0.0;0;0;0;
2012-10-08;0;0.0;0;0;0;
2012-10-09;0;0.0;0;0;0;
2012-10-10;0;0.0;0;0;0;
2012-10-11;0;0.0;0;0;0;
2012-10-12;0;0.0;0;0;0;
2012-10-13;223;3.72;10;10;0;
2012-10-14;110;1.83;5;5;0;
2012-10-15;66;1.1;3;3;0;
2012-10-16;66;1.1;3;3;0;
2012-10-17;22;0.37;1;1;0;
2012-10-18;22;0.37;1;1;0;
2012-10-19;0;0.0;0;0;0;
2012-10-20;0;0.0;0;0;0;
2012-10-21;180;3.0;6;4;1;
2012-10-22;0;0.0;0;0;0;
2012-10-23;0;0.0;0;0;0;
2012-10-24;0;0.0;0;0;0;
2012-10-25;0;0.0;1;1;0;
2012-10-26;0;0.0;0;0;0;
2012-10-27;0;0.0;0;0;0;
2012-10-28;360;6.0;4;1;3;
2012-10-29;0;0.0;2;0;0;
2012-10-30;56;0.93;3;0;2;
2012-10-31;0;0.0;0;0;0;
2012-11-01;0;0.0;0;0;0;
2012-11-02;95;1.58;1;0;1;
2012-11-03;287;4.78;4;2;2;
2012-11-04;44;0.73;1;1;0;
2012-11-05;44;0.73;2;2;0;
2012-11-06;0;0.0;0;0;0;
2012-11-07;22;0.37;1;1;0;
2012-11-08;84;1.4;2;2;0;
2012-11-09;84;1.4;2;2;0;
2012-11-10;42;0.7;1;1;0;
2012-11-11;168;2.8;4;4;0;
2012-11-12;0;0.0;0;0;0;
2012-11-13;42;0.7;1;1;0;
2012-11-14;0;0.0;0;0;0;
2012-11-15;0;0.0;0;0;0;
2012-11-16;0;0.0;0;0;0;
2012-11-17;0;0.0;0;0;0;
2012-11-18;0;0.0;0;0;0;
2012-11-19;0;0.0;0;0;0;
2012-11-20;110;1.83;5;5;0;
2012-11-21;94;1.57;1;0;1;
2012-11-22;254;4.23;4;2;2;
2012-11-23;288;4.8;2;0;2;
2012-11-24;251;4.18;4;2;2;
2012-11-25;0;0.0;0;0;0;
2012-11-26;22;0.37;1;1;0;
2012-11-27;0;0.0;0;0;0;
2012-11-28;0;0.0;0;0;0;
2012-11-29;0;0.0;0;0;0;
2012-11-30;113;1.88;1;0;1;
2012-12-01;0;0.0;0;0;0;
2012-12-02;0;0.0;0;0;0;
2012-12-03;0;0.0;0;0;0;
2012-12-04;0;0.0;0;0;0;
2012-12-05;0;0.0;0;0;0;
2012-12-06;82;1.37;1;0;1;
2012-12-07;0;0.0;0;0;0;
2012-12-08;0;0.0;0;0;0;
2012-12-09;526;8.77;8;7;1;
2012-12-10;60;1.0;1;1;0;
2012-12-11;60;1.0;1;1;0;
2012-12-12;120;2.0;2;2;0;
2012-12-13;60;1.0;1;1;0;
2012-12-14;0;0.0;0;0;0;
2012-12-15;97;1.62;1;0;1;
2012-12-16;0;0.0;0;0;0;
2012-12-17;212;3.53;3;1;2;
2012-12-18;223;3.72;6;4;2;
2012-12-19;22;0.37;1;1;0;
2012-12-20;148;2.47;3;2;1;
2012-12-21;0;0.0;0;0;0;
2012-12-22;66;1.1;3;3;0;
2012-12-23;0;0.0;0;0;0;
2012-12-24;132;2.2;4;4;0;
2012-12-25;207;3.45;2;0;2;
2012-12-26;89;1.48;1;0;1;
2012-12-27;0;0.0;0;0;0;
2012-12-28;348;5.8;4;1;3;
2012-12-29;88;1.47;2;2;0;
2012-12-30;97;1.62;2;0;2;
2012-12-31;262;4.37;3;0;3;
2013-01-01;455;7.58;12;11;1;
2013-01-02;110;1.83;2;2;0;
2013-01-03;88;1.47;1;1;0;
2013-01-04;0;0.0;0;0;0;
2013-01-05;290;4.83;9;8;1;
2013-01-06;186;3.1;2;0;2;
2013-01-07;0;0.0;0;0;0;
2013-01-08;0;0.0;0;0;0;
2013-01-09;0;0.0;0;0;0;
2013-01-10;176;2.93;2;2;0;
2013-01-11;0;0.0;0;0;0;
2013-01-12;198;3.3;6;6;0;
2013-01-13;330;5.5;10;9;1;
2013-01-14;122;2.03;3;3;0;
2013-01-15;22;0.37;1;1;0;
2013-01-16;0;0.0;0;0;0;
2013-01-17;25;0.42;1;1;0;
2013-01-18;0;0.0;0;0;0;
2013-01-19;142;2.37;3;2;1;
2013-01-20;25;0.42;1;1;0;
2013-01-21;88;1.47;4;4;0;
2013-01-22;511;8.52;9;4;5;
2013-01-23;44;0.73;2;2;0;
2013-01-24;0;0.0;0;0;0;
2013-01-25;0;0.0;0;0;0;
2013-01-26;81;1.35;1;0;1;
2013-01-27;283;4.72;3;0;3;
2013-01-28;22;0.37;1;1;0;
2013-01-29;0;0.0;0;0;0;
2013-01-30;0;0.0;0;0;0;
2013-01-31;0;0.0;0;0;0;
2013-02-01;0;0.0;0;0;0;
2013-02-02;289;4.82;4;2;2;
2013-02-03;315;5.25;6;5;1;
2013-02-04;0;0.0;0;0;0;
2013-02-05;0;0.0;0;0;0;
2013-02-06;22;0.37;1;1;0;
2013-02-07;0;0.0;0;0;0;
2013-02-08;0;0.0;0;0;0;
2013-02-09;0;0.0;0;0;0;
2013-02-10;68;1.13;1;0;1;
2013-02-11;0;0.0;0;0;0;
2013-02-12;0;0.0;0;0;0;
2013-02-13;0;0.0;0;0;0;
2013-02-14;0;0.0;0;0;0;
2013-02-15;0;0.0;0;0;0;
2013-02-16;0;0.0;0;0;0;
2013-02-17;0;0.0;0;0;0;
2013-02-18;90;1.5;1;0;1;
2013-02-19;0;0.0;0;0;0;
2013-02-20;0;0.0;0;0;0;
2013-02-21;0;0.0;0;0;0;
2013-02-22;0;0.0;0;0;0;
2013-02-23;0;0.0;0;0;0;
2013-02-24;0;0.0;0;0;0;
2013-02-25;0;0.0;0;0;0;
2013-02-26;0;0.0;0;0;0;
2013-02-27;0;0.0;0;0;0;
2013-02-28;0;0.0;0;0;0;
2013-03-01;0;0.0;0;0;0;
2013-03-02;0;0.0;0;0;0;
2013-03-03;0;0.0;0;0;0;
2013-03-04;0;0.0;0;0;0;
2013-03-05;0;0.0;0;0;0;
2013-03-06;0;0.0;0;0;0;
2013-03-07;0;0.0;0;0;0;
2013-03-08;0;0.0;0;0;0;
2013-03-09;0;0.0;0;0;0;
2013-03-10;0;0.0;0;0;0;
2013-03-11;0;0.0;0;0;0;
2013-03-12;276;4.6;4;2;2;
2013-03-13;109;1.82;1;0;1;
2013-03-14;0;0.0;0;0;0;
2013-03-15;0;0.0;0;0;0;
2013-03-16;188;3.13;4;2;2;
2013-03-17;271;4.52;5;4;1;
2013-03-18;0;0.0;0;0;0;
2013-03-19;0;0.0;0;0;0;
2013-03-20;0;0.0;0;0;0;
2013-03-21;0;0.0;0;0;0;
2013-03-22;726;12.1;7;0;7;
2013-03-23;350;5.83;3;0;3;
2013-03-24;0;0.0;0;0;0;
2013-03-25;294;4.9;3;0;3;
2013-03-26;0;0.0;0;0;0;
2013-03-27;0;0.0;0;0;0;
2013-03-28;0;0.0;0;0;0;
2013-03-29;0;0.0;0;0;0;
2013-03-30;75;1.25;3;3;0;
2013-03-31;195;3.25;4;3;1;
2013-04-01;428;7.13;6;2;4;
2013-04-02;268;4.47;8;7;1;
2013-04-03;50;0.83;2;2;0;
2013-04-04;110;1.83;2;1;1;
2013-04-05;0;0.0;0;0;0;
2013-04-06;0;0.0;0;0;0;
2013-04-07;0;0.0;0;0;0;
2013-04-08;0;0.0;0;0;0;
2013-04-09;0;0.0;0;0;0;
2013-04-10;0;0.0;0;0;0;
2013-04-11;0;0.0;0;0;0;
2013-04-12;0;0.0;0;0;0;
2013-04-13;0;0.0;0;0;0;
2013-04-14;0;0.0;0;0;0;
2013-04-15;0;0.0;0;0;0;
2013-04-16;0;0.0;0;0;0;
2013-04-17;0;0.0;0;0;0;
2013-04-18;0;0.0;0;0;0;
2013-04-19;0;0.0;0;0;0;
2013-04-20;0;0.0;0;0;0;
2013-04-21;0;0.0;0;0;0;
2013-04-22;0;0.0;0;0;0;
2013-04-23;0;0.0;0;0;0;
2013-04-24;0;0.0;0;0;0;
2013-04-25;0;0.0;0;0;0;
2013-04-26;177;2.95;3;2;1;
2013-04-27;0;0.0;0;0;0;
2013-04-28;0;0.0;0;0;0;
2013-04-29;0;0.0;0;0;0;
2013-04-30;0;0.0;0;0;0;
2013-05-01;0;0.0;0;0;0;
2013-05-02;0;0.0;0;0;0;
2013-05-03;0;0.0;0;0;0;
2013-05-04;0;0.0;0;0;0;
2013-05-05;0;0.0;0;0;0;
2013-05-06;0;0.0;0;0;0;
2013-05-07;0;0.0;0;0;0;
2013-05-08;81;1.35;1;0;1;
2013-05-09;0;0.0;0;0;0;
2013-05-10;0;0.0;0;0;0;
2013-05-11;0;0.0;0;0;0;
2013-05-12;0;0.0;0;0;0;
2013-05-13;49;0.82;1;1;0;
2013-05-14;49;0.82;1;1;0;
2013-05-15;147;2.45;3;3;0;
2013-05-16;0;0.0;0;0;0;
2013-05-17;0;0.0;0;0;0;
2013-05-18;49;0.82;1;1;0;
2013-05-19;294;4.9;6;6;0;
2013-05-20;283;4.72;7;6;1;
2013-05-21;301;5.02;5;0;5;
2013-05-22;0;0.0;0;0;0;
2013-05-23;76;1.27;1;0;1;
2013-05-24;49;0.82;1;1;0;
2013-05-25;348;5.8;5;3;2;
2013-05-26;245;4.08;5;5;0;
2013-05-27;49;0.82;1;1;0;
2013-05-28;0;0.0;0;0;0;
2013-05-29;0;0.0;0;0;0;
2013-05-30;22;0.37;1;1;0;
2013-05-31;0;0.0;0;0;0;
2013-06-01;98;1.63;2;2;0;
2013-06-02;0;0.0;0;0;0;
2013-06-03;0;0.0;0;0;0;
2013-06-04;49;0.82;1;1;0;
2013-06-05;0;0.0;0;0;0;
2013-06-06;0;0.0;0;0;0;
2013-06-07;0;0.0;0;0;0;
2013-06-08;0;0.0;0;0;0;
2013-06-09;0;0.0;0;0;0;
2013-06-10;0;0.0;0;0;0;
2013-06-11;147;2.45;3;3;0;
2013-06-12;275;4.58;5;4;1;
2013-06-13;0;0.0;0;0;0;
2013-06-14;0;0.0;0;0;0;
2013-06-15;0;0.0;0;0;0;
2013-06-16;0;0.0;0;0;0;
2013-06-17;49;0.82;1;1;0;
2013-06-18;0;0.0;0;0;0;
2013-06-19;22;0.37;1;1;0;
2013-06-20;0;0.0;0;0;0;
2013-06-21;86;1.43;2;0;2;
2013-06-22;147;2.45;3;3;0;
2013-06-23;49;0.82;1;1;0;
2013-06-24;49;0.82;1;1;0;
2013-06-25;170;2.83;4;3;1;
2013-06-26;0;0.0;1;0;1;
2013-06-27;22;0.37;6;5;1;
2013-06-28;110;1.83;5;5;0;
2013-06-29;66;1.1;3;3;0;
2013-06-30;44;0.73;2;2;0;
2013-07-01;44;0.73;5;5;0;
2013-07-02;0;0.0;2;2;0;
2013-07-03;0;0.0;0;0;0;
2013-07-04;67;1.12;7;6;1;
2013-07-05;88;1.47;4;4;0;
2013-07-06;44;0.73;2;2;0;
2013-07-07;44;0.73;2;2;0;
2013-07-08;0;0.0;0;0;0;
2013-07-09;44;0.73;2;2;0;
2013-07-10;0;0.0;0;0;0;
2013-07-11;66;1.1;3;3;0;
2013-07-12;0;0.0;0;0;0;
2013-07-13;174;2.9;3;3;0;
2013-07-14;22;0.37;1;1;0;
2013-07-15;0;0.0;0;0;0;
2013-07-16;0;0.0;0;0;0;
2013-07-17;22;0.37;1;1;0;
2013-07-18;22;0.37;1;1;0;
2013-07-19;110;1.83;5;5;0;
2013-07-20;44;0.73;2;2;0;
2013-07-21;0;0.0;2;1;1;
2013-07-22;0;0.0;0;0;0;
2013-07-23;55;0.92;4;4;0;
2013-07-24;131;2.18;6;6;0;
2013-07-25;0;0.0;0;0;0;
2013-07-26;44;0.73;2;2;0;
2013-07-27;200;3.33;7;6;1;
2013-07-28;247;4.12;11;8;3;
2013-07-29;88;1.47;4;4;0;
2013-07-30;132;2.2;6;6;0;
2013-07-31;154;2.57;8;7;0;
2013-08-01;153;2.55;6;6;0;
2013-08-02;49;0.82;1;1;0;
2013-08-03;154;2.57;7;7;0;
2013-08-04;287;4.78;6;5;1;
2013-08-05;171;2.85;5;3;1;
2013-08-06;22;0.37;1;1;0;
2013-08-07;150;2.5;3;2;1;
2013-08-08;0;0.0;0;0;0;
2013-08-09;0;0.0;0;0;0;
2013-08-10;245;4.08;5;5;0;
2013-08-11;322;5.37;4;1;3;
2013-08-12;0;0.0;0;0;0;
2013-08-13;22;0.37;1;1;0;
2013-08-14;66;1.1;3;3;0;
2013-08-15;22;0.37;1;1;0;
2013-08-16;0;0.0;0;0;0;
2013-08-17;0;0.0;0;0;0;
2013-08-18;66;1.1;3;3;0;
2013-08-19;0;0.0;0;0;0;
2013-08-20;44;0.73;2;2;0;
2013-08-21;0;0.0;0;0;0;
2013-08-22;96;1.6;2;0;2;
2013-08-23;44;0.73;2;2;0;
2013-08-24;269;4.48;7;3;4;
2013-08-25;22;0.37;1;1;0;
2013-08-26;0;0.0;0;0;0;
2013-08-27;670;11.17;15;11;3;
2013-08-28;0;0.0;1;0;1;
2013-08-29;0;0.0;0;0;0;
2013-08-30;44;0.73;2;2;0;
2013-08-31;298;4.97;10;8;1;
2013-09-01;176;2.93;8;8;0;
2013-09-02;157;2.62;4;3;1;
2013-09-03;142;2.37;2;0;2;
2013-09-04;0;0.0;0;0;0;
2013-09-05;197;3.28;9;8;1;
2013-09-06;0;0.0;0;0;0;
2013-09-07;0;0.0;0;0;0;
2013-09-08;287;4.78;4;1;3;
2013-09-09;0;0.0;0;0;0;
2013-09-10;0;0.0;0;0;0;
2013-09-11;0;0.0;0;0;0;
2013-09-12;0;0.0;0;0;0;
2013-09-13;44;0.73;2;2;0;
2013-09-14;132;2.2;6;6;0;
2013-09-15;118;1.97;1;0;1;
2013-09-16;205;3.42;4;1;3;
2013-09-17;30;0.5;1;1;0;
2013-09-18;379;6.32;5;0;5;
2013-09-19;0;0.0;0;0;0;
2013-09-20;0;0.0;0;0;0;
2013-09-21;22;0.37;1;1;0;
2013-09-22;344;5.73;6;3;3;
2013-09-23;23;0.38;1;1;0;
2013-09-24;0;0.0;0;0;0;
2013-09-25;110;1.83;5;5;0;
2013-09-26;154;2.57;5;5;0;
2013-09-27;0;0.0;0;0;0;
2013-09-28;145;2.42;3;2;1;
2013-09-29;44;0.73;2;2;0;
2013-09-30;0;0.0;0;0;0;
2013-10-01;66;1.1;3;3;0;
2013-10-02;22;0.37;1;1;0;
2013-10-03;0;0.0;0;0;0;
2013-10-04;22;0.37;1;1;0;
2013-10-05;162;2.7;3;2;1;
2013-10-06;154;2.57;7;7;0;
2013-10-07;130;2.17;2;0;2;
2013-10-08;0;0.0;0;0;0;
2013-10-09;0;0.0;0;0;0;
2013-10-10;0;0.0;2;1;0;
2013-10-11;0;0.0;0;0;0;
2013-10-12;0;0.0;0;0;0;
2013-10-13;235;3.92;3;1;2;
2013-10-14;22;0.37;1;1;0;
2013-10-15;88;1.47;6;4;2;
2013-10-16;0;0.0;0;0;0;
2013-10-17;22;0.37;1;1;0;
2013-10-18;44;0.73;2;2;0;
2013-10-19;88;1.47;4;4;0;
2013-10-20;176;2.93;7;6;1;
2013-10-21;0;0.0;0;0;0;
2013-10-22;0;0.0;1;1;0;
2013-10-23;130;2.17;3;2;1;
2013-10-24;22;0.37;1;1;0;
2013-10-25;0;0.0;0;0;0;
2013-10-26;110;1.83;5;5;0;
2013-10-27;22;0.37;1;1;0;
2013-10-28;22;0.37;1;1;0;
2013-10-29;0;0.0;0;0;0;
2013-10-30;0;0.0;0;0;0;
2013-10-31;0;0.0;0;0;0;
2013-11-01;0;0.0;0;0;0;
2013-11-02;590;9.83;13;10;3;
2013-11-03;304;5.07;6;5;1;
2013-11-04;132;2.2;3;3;0;
2013-11-05;0;0.0;0;0;0;
2013-11-06;44;0.73;1;1;0;
2013-11-07;176;2.93;6;6;0;
2013-11-08;132;2.2;3;3;0;
2013-11-09;141;2.35;2;1;1;
2013-11-10;183;3.05;3;1;2;
2013-11-11;0;0.0;0;0;0;
2013-11-12;101;1.68;2;1;1;
2013-11-13;0;0.0;0;0;0;
2013-11-14;0;0.0;0;0;0;
2013-11-15;0;0.0;0;0;0;
2013-11-16;0;0.0;0;0;0;
2013-11-17;0;0.0;0;0;0;
2013-11-18;0;0.0;0;0;0;
2013-11-19;66;1.1;3;3;0;
2013-11-20;0;0.0;0;0;0;
2013-11-21;0;0.0;0;0;0;
2013-11-22;198;3.3;9;9;0;
2013-11-23;100;1.67;2;1;1;
2013-11-24;0;0.0;0;0;0;
2013-11-25;360;6.0;6;6;0;
2013-11-26;22;0.37;1;1;0;
2013-11-27;331;5.52;3;0;3;
2013-11-28;97;1.62;1;0;1;
2013-11-29;0;0.0;0;0;0;
2013-11-30;242;4.03;3;0;3;
2013-12-01;111;1.85;1;0;1;
2013-12-02;0;0.0;1;0;0;
2013-12-03;0;0.0;0;0;0;
2013-12-04;0;0.0;0;0;0;
2013-12-05;0;0.0;0;0;0;
2013-12-06;0;0.0;0;0;0;
2013-12-07;221;3.68;2;0;2;
2013-12-08;158;2.63;2;1;1;
2013-12-09;0;0.0;0;0;0;
2013-12-10;0;0.0;0;0;0;
2013-12-11;88;1.47;1;0;1;
2013-12-12;0;0.0;0;0;0;
2013-12-13;0;0.0;0;0;0;
2013-12-14;0;0.0;0;0;0;
2013-12-15;386;6.43;4;0;4;
2013-12-16;0;0.0;0;0;0;
2013-12-17;294;4.9;3;0;3;
2013-12-18;44;0.73;4;4;0;
2013-12-19;83;1.38;1;0;1;
2013-12-20;0;0.0;0;0;0;
2013-12-21;199;3.32;6;4;2;
2013-12-22;175;2.92;3;1;2;
2013-12-23;100;1.67;1;0;1;
2013-12-24;0;0.0;0;0;0;
2013-12-25;86;1.43;2;1;1;
2013-12-26;143;2.38;5;4;1;
2013-12-27;0;0.0;0;0;0;
2013-12-28;0;0.0;0;0;0;
2013-12-29;88;1.47;4;4;0;
2013-12-30;339;5.65;4;0;4;
2013-12-31;0;0.0;0;0;0;
2014-01-01;263;4.38;3;1;2;
2014-01-02;104;1.73;3;3;0;
2014-01-03;97;1.62;1;0;1;
2014-01-04;88;1.47;4;4;0;
2014-01-05;205;3.42;7;5;1;
2014-01-06;44;0.73;2;2;0;
2014-01-07;110;1.83;5;5;0;
2014-01-08;110;1.83;5;5;0;
2014-01-09;697;11.62;7;0;7;
2014-01-10;0;0.0;0;0;0;
2014-01-11;315;5.25;5;4;1;
2014-01-12;226;3.77;3;1;2;
2014-01-13;0;0.0;0;0;0;
2014-01-14;141;2.35;1;0;1;
2014-01-15;94;1.57;1;0;1;
2014-01-16;0;0.0;0;0;0;
2014-01-17;0;0.0;0;0;0;
2014-01-18;103;1.72;1;0;1;
2014-01-19;854;14.23;12;2;9;
2014-01-20;282;4.7;4;1;3;
2014-01-21;414;6.9;4;0;4;
2014-01-22;76;1.27;1;0;1;
2014-01-23;0;0.0;0;0;0;
2014-01-24;90;1.5;1;0;1;
2014-01-25;0;0.0;0;0;0;
2014-01-26;0;0.0;0;0;0;
2014-01-27;0;0.0;0;0;0;
2014-01-28;90;1.5;1;0;1;
2014-01-29;332;5.53;5;1;4;
2014-01-30;497;8.28;5;0;5;
2014-01-31;124;2.07;2;1;1;
2014-02-01;563;9.38;11;10;1;
2014-02-02;413;6.88;7;4;3;
2014-02-03;449;7.48;4;0;4;
2014-02-04;214;3.57;2;0;2;
2014-02-05;644;10.73;8;1;7;
2014-02-06;0;0.0;0;0;0;
2014-02-07;0;0.0;0;0;0;
2014-02-08;0;0.0;0;0;0;
2014-02-09;291;4.85;3;0;3;
2014-02-10;0;0.0;0;0;0;
2014-02-11;467;7.78;5;0;5;
2014-02-12;83;1.38;1;0;1;
2014-02-13;0;0.0;0;0;0;
2014-02-14;0;0.0;0;0;0;
2014-02-15;125;2.08;3;3;0;
2014-02-16;0;0.0;0;0;0;
2014-02-17;141;2.35;5;2;3;
2014-02-18;0;0.0;0;0;0;
2014-02-19;45;0.75;2;1;1;
2014-02-20;44;0.73;1;1;0;
2014-02-21;0;0.0;0;0;0;
2014-02-22;0;0.0;0;0;0;
2014-02-23;0;0.0;0;0;0;
2014-02-24;182;3.03;3;2;1;
2014-02-25;316;5.27;4;0;4;
2014-02-26;135;2.25;1;0;1;
2014-02-27;0;0.0;0;0;0;
2014-02-28;81;1.35;1;0;1;
2014-03-01;0;0.0;0;0;0;
2014-03-02;402;6.7;4;0;4;
2014-03-03;0;0.0;0;0;0;
2014-03-04;593;9.88;6;0;6;
2014-03-05;358;5.97;4;0;4;
2014-03-06;291;4.85;3;0;3;
2014-03-07;0;0.0;0;0;0;
2014-03-08;0;0.0;0;0;0;
2014-03-09;97;1.62;2;0;1;
2014-03-10;502;8.37;5;0;5;
2014-03-11;138;2.3;2;1;1;
2014-03-12;137;2.28;3;2;1;
2014-03-13;0;0.0;0;0;0;
2014-03-14;336;5.6;3;0;3;
2014-03-15;0;0.0;0;0;0;
2014-03-16;89;1.48;1;0;1;
2014-03-17;243;4.05;2;0;2;
2014-03-18;300;5.0;3;0;3;
2014-03-19;0;0.0;0;0;0;
2014-03-20;0;0.0;0;0;0;
2014-03-21;0;0.0;0;0;0;
2014-03-22;0;0.0;0;0;0;
2014-03-23;0;0.0;0;0;0;
2014-03-24;174;2.9;2;0;2;
2014-03-25;228;3.8;2;0;2;
2014-03-26;0;0.0;0;0;0;
2014-03-27;0;0.0;0;0;0;
2014-03-28;0;0.0;0;0;0;
2014-03-29;0;0.0;0;0;0;
2014-03-30;0;0.0;0;0;0;
2014-03-31;0;0.0;0;0;0;
2014-04-01;0;0.0;0;0;0;
2014-04-02;0;0.0;0;0;0;
2014-04-03;0;0.0;0;0;0;
2014-04-04;0;0.0;0;0;0;
2014-04-05;0;0.0;0;0;0;
2014-04-06;0;0.0;0;0;0;
2014-04-07;0;0.0;0;0;0;
2014-04-08;0;0.0;0;0;0;
2014-04-09;0;0.0;0;0;0;
2014-04-10;0;0.0;0;0;0;
2014-04-11;0;0.0;0;0;0;
2014-04-12;0;0.0;0;0;0;
2014-04-13;0;0.0;0;0;0;
2014-04-14;0;0.0;0;0;0;
2014-04-15;0;0.0;0;0;0;
2014-04-16;0;0.0;0;0;0;
2014-04-17;0;0.0;0;0;0;
2014-04-18;0;0.0;0;0;0;
2014-04-19;0;0.0;0;0;0;
2014-04-20;0;0.0;0;0;0;
2014-04-21;0;0.0;0;0;0;
2014-04-22;0;0.0;0;0;0;
2014-04-23;0;0.0;0;0;0;
2014-04-24;0;0.0;0;0;0;
2014-04-25;0;0.0;0;0;0;
2014-04-26;0;0.0;0;0;0;
2014-04-27;0;0.0;0;0;0;
2014-04-28;0;0.0;0;0;0;
2014-04-29;0;0.0;0;0;0;
2014-04-30;0;0.0;0;0;0;
2014-05-01;0;0.0;0;0;0;
2014-05-02;0;0.0;0;0;0;
2014-05-03;0;0.0;0;0;0;
2014-05-04;0;0.0;0;0;0;
2014-05-05;0;0.0;0;0;0;
2014-05-06;0;0.0;0;0;0;
2014-05-07;0;0.0;0;0;0;
2014-05-08;0;0.0;0;0;0;
2014-05-09;0;0.0;0;0;0;
2014-05-10;0;0.0;0;0;0;
2014-05-11;0;0.0;0;0;0;
2014-05-12;0;0.0;0;0;0;
2014-05-13;0;0.0;0;0;0;
2014-05-14;0;0.0;0;0;0;
2014-05-15;0;0.0;0;0;0;
2014-05-16;0;0.0;0;0;0;
2014-05-17;0;0.0;0;0;0;
2014-05-18;129;2.15;1;0;1;
2014-05-19;0;0.0;0;0;0;
2014-05-20;0;0.0;0;0;0;
2014-05-21;0;0.0;0;0;0;
2014-05-22;0;0.0;0;0;0;
2014-05-23;0;0.0;0;0;0;
2014-05-24;158;2.63;1;0;1;
2014-05-25;44;0.73;2;2;0;
2014-05-26;0;0.0;0;0;0;
2014-05-27;0;0.0;0;0;0;
2014-05-28;0;0.0;0;0;0;
2014-05-29;0;0.0;0;0;0;
2014-05-30;0;0.0;0;0;0;
2014-05-31;0;0.0;0;0;0;
2014-06-01;0;0.0;0;0;0;
2014-06-02;0;0.0;0;0;0;
2014-06-03;0;0.0;0;0;0;
2014-06-04;0;0.0;0;0;0;
2014-06-05;0;0.0;0;0;0;
2014-06-06;0;0.0;0;0;0;
2014-06-07;0;0.0;0;0;0;
2014-06-08;0;0.0;0;0;0;
2014-06-09;0;0.0;0;0;0;
2014-06-10;0;0.0;0;0;0;
2014-06-11;0;0.0;0;0;0;
2014-06-12;0;0.0;0;0;0;
2014-06-13;0;0.0;0;0;0;
2014-06-14;0;0.0;0;0;0;
2014-06-15;0;0.0;0;0;0;
2014-06-16;0;0.0;0;0;0;
2014-06-17;0;0.0;0;0;0;
2014-06-18;0;0.0;0;0;0;
2014-06-19;0;0.0;0;0;0;
2014-06-20;0;0.0;0;0;0;
2014-06-21;0;0.0;0;0;0;
2014-06-22;0;0.0;0;0;0;
2014-06-23;0;0.0;0;0;0;
2014-06-24;0;0.0;0;0;0;
2014-06-25;0;0.0;0;0;0;
2014-06-26;0;0.0;0;0;0;
2014-06-27;0;0.0;0;0;0;
2014-06-28;0;0.0;0;0;0;
2014-06-29;0;0.0;0;0;0;
2014-06-30;0;0.0;0;0;0;
2014-07-01;0;0.0;0;0;0;
2014-07-02;0;0.0;0;0;0;
2014-07-03;0;0.0;0;0;0;
2014-07-04;0;0.0;0;0;0;
2014-07-05;0;0.0;0;0;0;
2014-07-06;0;0.0;0;0;0;
2014-07-07;0;0.0;0;0;0;
2014-07-08;0;0.0;0;0;0;
2014-07-09;0;0.0;0;0;0;
2014-07-10;0;0.0;0;0;0;
2014-07-11;0;0.0;0;0;0;
2014-07-12;0;0.0;0;0;0;
2014-07-13;0;0.0;0;0;0;
2014-07-14;0;0.0;0;0;0;
2014-07-15;0;0.0;0;0;0;
2014-07-16;0;0.0;0;0;0;
2014-07-17;0;0.0;0;0;0;
2014-07-18;0;0.0;0;0;0;
2014-07-19;0;0.0;0;0;0;
2014-07-20;0;0.0;0;0;0;
2014-07-21;118;1.97;1;0;1;
2014-07-22;0;0.0;0;0;0;
2014-07-23;0;0.0;0;0;0;
2014-07-24;0;0.0;0;0;0;
2014-07-25;0;0.0;0;0;0;
2014-07-26;0;0.0;0;0;0;
2014-07-27;0;0.0;0;0;0;
2014-07-28;0;0.0;0;0;0;
2014-07-29;0;0.0;0;0;0;
2014-07-30;0;0.0;0;0;0;
2014-07-31;0;0.0;0;0;0;
2014-08-01;0;0.0;0;0;0;
2014-08-02;0;0.0;0;0;0;
2014-08-03;0;0.0;0;0;0;
2014-08-04;0;0.0;0;0;0;
2014-08-05;0;0.0;0;0;0;
2014-08-06;0;0.0;0;0;0;
2014-08-07;0;0.0;0;0;0;
2014-08-08;0;0.0;0;0;0;
2014-08-09;0;0.0;0;0;0;
2014-08-10;0;0.0;0;0;0;
2014-08-11;0;0.0;0;0;0;
2014-08-12;0;0.0;0;0;0;
2014-08-13;0;0.0;0;0;0;
2014-08-14;0;0.0;0;0;0;
2014-08-15;0;0.0;0;0;0;
2014-08-16;0;0.0;0;0;0;
2014-08-17;0;0.0;0;0;0;
2014-08-18;0;0.0;0;0;0;
2014-08-19;0;0.0;0;0;0;
2014-08-20;0;0.0;0;0;0;
2014-08-21;128;2.13;1;0;1;
2014-08-22;0;0.0;0;0;0;
2014-08-23;116;1.93;1;0;1;
2014-08-24;0;0.0;0;0;0;
2014-08-25;0;0.0;0;0;0;
2014-08-26;0;0.0;0;0;0;
2014-08-27;0;0.0;0;0;0;
2014-08-28;0;0.0;0;0;0;
2014-08-29;0;0.0;0;0;0;
2014-08-30;0;0.0;0;0;0;
2014-08-31;0;0.0;0;0;0;
2014-09-01;0;0.0;0;0;0;
2014-09-02;0;0.0;0;0;0;
2014-09-03;0;0.0;0;0;0;
2014-09-04;0;0.0;0;0;0;
2014-09-05;0;0.0;0;0;0;
2014-09-06;0;0.0;0;0;0;
2014-09-07;153;2.55;3;3;0;
2014-09-08;0;0.0;0;0;0;
2014-09-09;0;0.0;0;0;0;
2014-09-10;153;2.55;3;3;0;
2014-09-11;0;0.0;0;0;0;
2014-09-12;306;5.1;6;6;0;
2014-09-13;204;3.4;4;4;0;
2014-09-14;153;2.55;3;3;0;
2014-09-15;153;2.55;3;3;0;
2014-09-16;124;2.07;3;3;0;
2014-09-17;0;0.0;0;0;0;
2014-09-18;0;0.0;0;0;0;
2014-09-19;0;0.0;0;0;0;
2014-09-20;0;0.0;0;0;0;
2014-09-21;0;0.0;0;0;0;
2014-09-22;0;0.0;0;0;0;
2014-09-23;0;0.0;0;0;0;
2014-09-24;0;0.0;0;0;0;
2014-09-25;0;0.0;0;0;0;
2014-09-26;0;0.0;0;0;0;
2014-09-27;0;0.0;0;0;0;
2014-09-28;0;0.0;0;0;0;
2014-09-29;0;0.0;0;0;0;
2014-09-30;0;0.0;0;0;0;
2014-10-01;0;0.0;0;0;0;
2014-10-02;0;0.0;0;0;0;
2014-10-03;186;3.1;2;0;2;
2014-10-04;0;0.0;0;0;0;
2014-10-05;98;1.63;1;0;1;
2014-10-06;59;0.98;1;1;0;
2014-10-07;0;0.0;0;0;0;
2014-10-08;0;0.0;0;0;0;
2014-10-09;0;0.0;0;0;0;
2014-10-10;0;0.0;0;0;0;
2014-10-11;0;0.0;0;0;0;
2014-10-12;0;0.0;0;0;0;
2014-10-13;0;0.0;0;0;0;
2014-10-14;0;0.0;0;0;0;
2014-10-15;0;0.0;0;0;0;
2014-10-16;0;0.0;0;0;0;
2014-10-17;0;0.0;0;0;0;
2014-10-18;0;0.0;0;0;0;
2014-10-19;0;0.0;0;0;0;
2014-10-20;0;0.0;0;0;0;
2014-10-21;0;0.0;0;0;0;
2014-10-22;0;0.0;0;0;0;
2014-10-23;0;0.0;0;0;0;
2014-10-24;0;0.0;0;0;0;
2014-10-25;0;0.0;0;0;0;
2014-10-26;0;0.0;0;0;0;
2014-10-27;0;0.0;0;0;0;
2014-10-28;0;0.0;0;0;0;
2014-10-29;0;0.0;0;0;0;
2014-10-30;0;0.0;0;0;0;
2014-10-31;0;0.0;0;0;0;
2014-11-01;0;0.0;0;0;0;
2014-11-02;0;0.0;0;0;0;
2014-11-03;0;0.0;0;0;0;
2014-11-04;0;0.0;0;0;0;
2014-11-05;0;0.0;0;0;0;
2014-11-06;0;0.0;0;0;0;
2014-11-07;0;0.0;0;0;0;
2014-11-08;0;0.0;0;0;0;
2014-11-09;0;0.0;0;0;0;
2014-11-10;0;0.0;0;0;0;
2014-11-11;0;0.0;0;0;0;
2014-11-12;0;0.0;0;0;0;
2014-11-13;0;0.0;0;0;0;
2014-11-14;0;0.0;0;0;0;
2014-11-15;0;0.0;0;0;0;
2014-11-16;0;0.0;0;0;0;
2014-11-17;0;0.0;0;0;0;
2014-11-18;0;0.0;0;0;0;
2014-11-19;0;0.0;0;0;0;
2014-11-20;0;0.0;0;0;0;
2014-11-21;0;0.0;0;0;0;
2014-11-22;0;0.0;0;0;0;
2014-11-23;0;0.0;0;0;0;
2014-11-24;0;0.0;0;0;0;
2014-11-25;0;0.0;0;0;0;
2014-11-26;0;0.0;0;0;0;
2014-11-27;90;1.5;1;0;1;
2014-11-28;0;0.0;0;0;0;
2014-11-29;0;0.0;0;0;0;
2014-11-30;0;0.0;0;0;0;
2014-12-01;0;0.0;0;0;0;
2014-12-02;0;0.0;0;0;0;
2014-12-03;0;0.0;0;0;0;
2014-12-04;0;0.0;0;0;0;
2014-12-05;0;0.0;0;0;0;
2014-12-06;135;2.25;1;0;1;
2014-12-07;0;0.0;0;0;0;
2014-12-08;0;0.0;0;0;0;
2014-12-09;0;0.0;0;0;0;
2014-12-10;0;0.0;0;0;0;
2014-12-11;0;0.0;0;0;0;
2014-12-12;0;0.0;0;0;0;
2014-12-13;0;0.0;0;0;0;
2014-12-14;0;0.0;0;0;0;
2014-12-15;0;0.0;0;0;0;
2014-12-16;0;0.0;0;0;0;
2014-12-17;0;0.0;0;0;0;
2014-12-18;0;0.0;0;0;0;
2014-12-19;0;0.0;0;0;0;
2014-12-20;0;0.0;0;0;0;
2014-12-21;0;0.0;0;0;0;
2014-12-22;0;0.0;0;0;0;
2014-12-23;106;1.77;1;0;1;
2014-12-24;0;0.0;0;0;0;
2014-12-25;145;2.42;2;1;1;
2014-12-26;190;3.17;2;0;2;
2014-12-27;0;0.0;0;0;0;
2014-12-28;0;0.0;0;0;0;
2014-12-29;121;2.02;1;0;1;
2014-12-30;0;0.0;0;0;0;
2014-12-31;0;0.0;0;0;0;
2015-01-01;0;0.0;0;0;0;
2015-01-02;0;0.0;0;0;0;
2015-01-03;0;0.0;0;0;0;
2015-01-04;60;1.0;1;1;0;
2015-01-05;0;0.0;0;0;0;
2015-01-06;0;0.0;0;0;0;
2015-01-07;0;0.0;0;0;0;
2015-01-08;0;0.0;0;0;0;
2015-01-09;0;0.0;0;0;0;
2015-01-10;0;0.0;0;0;0;
2015-01-11;0;0.0;0;0;0;
2015-01-12;0;0.0;0;0;0;
2015-01-13;0;0.0;0;0;0;
2015-01-14;0;0.0;0;0;0;
2015-01-15;0;0.0;0;0;0;
2015-01-16;0;0.0;0;0;0;
2015-01-17;90;1.5;1;0;1;
2015-01-18;0;0.0;0;0;0;
2015-01-19;0;0.0;0;0;0;
2015-01-20;0;0.0;0;0;0;
2015-01-21;0;0.0;0;0;0;
2015-01-22;0;0.0;0;0;0;
2015-01-23;0;0.0;0;0;0;
2015-01-24;116;1.93;1;0;1;
2015-01-25;0;0.0;0;0;0;
2015-01-26;0;0.0;0;0;0;
2015-01-27;132;2.2;6;6;0;
2015-01-28;112;1.87;1;0;1;
2015-01-29;0;0.0;0;0;0;
2015-01-30;0;0.0;0;0;0;
2015-01-31;101;1.68;1;0;1;
2015-02-01;0;0.0;0;0;0;
2015-02-02;0;0.0;0;0;0;
2015-02-03;0;0.0;0;0;0;
2015-02-04;0;0.0;0;0;0;
2015-02-05;0;0.0;0;0;0;
2015-02-06;22;0.37;1;1;0;
2015-02-07;216;3.6;6;6;0;
2015-02-08;301;5.02;7;7;0;
2015-02-09;0;0.0;0;0;0;
2015-02-10;129;2.15;3;3;0;
2015-02-11;129;2.15;3;3;0;
2015-02-12;129;2.15;3;3;0;
2015-02-13;86;1.43;2;2;0;
2015-02-14;0;0.0;0;0;0;
2015-02-15;0;0.0;0;0;0;
2015-02-16;0;0.0;0;0;0;
2015-02-17;22;0.37;1;1;0;
2015-02-18;0;0.0;0;0;0;
2015-02-19;0;0.0;0;0;0;
2015-02-20;0;0.0;0;0;0;
2015-02-21;0;0.0;0;0;0;
2015-02-22;44;0.73;2;2;0;
2015-02-23;0;0.0;0;0;0;
2015-02-24;0;0.0;0;0;0;
2015-02-25;0;0.0;0;0;0;
2015-02-26;0;0.0;0;0;0;
2015-02-27;0;0.0;0;0;0;
2015-02-28;0;0.0;0;0;0;
2015-03-01;0;0.0;0;0;0;
2015-03-02;0;0.0;0;0;0;
2015-03-03;0;0.0;0;0;0;
2015-03-04;0;0.0;0;0;0;
2015-03-05;0;0.0;0;0;0;
2015-03-06;0;0.0;0;0;0;
2015-03-07;204;3.4;4;4;0;
2015-03-08;102;1.7;2;2;0;
2015-03-09;0;0.0;0;0;0;
2015-03-10;0;0.0;0;0;0;
2015-03-11;0;0.0;0;0;0;
2015-03-12;0;0.0;0;0;0;
2015-03-13;0;0.0;0;0;0;
2015-03-14;306;5.1;6;6;0;
2015-03-15;102;1.7;2;2;0;
2015-03-16;0;0.0;0;0;0;
2015-03-17;0;0.0;0;0;0;
2015-03-18;0;0.0;0;0;0;
2015-03-19;0;0.0;0;0;0;
2015-03-20;0;0.0;0;0;0;
2015-03-21;198;3.3;9;9;0;
2015-03-22;44;0.73;2;2;0;
2015-03-23;44;0.73;2;2;0;
2015-03-24;0;0.0;0;0;0;
2015-03-25;0;0.0;0;0;0;
2015-03-26;0;0.0;0;0;0;
2015-03-27;0;0.0;0;0;0;
2015-03-28;0;0.0;0;0;0;
2015-03-29;0;0.0;0;0;0;
2015-03-30;0;0.0;0;0;0;
2015-03-31;134;2.23;2;1;1;
2015-04-01;0;0.0;0;0;0;
2015-04-02;0;0.0;0;0;0;
2015-04-03;224;3.73;2;0;2;
2015-04-04;904;15.07;9;2;7;
2015-04-05;240;4.0;4;4;0;
2015-04-06;0;0.0;0;0;0;
2015-04-07;240;4.0;4;4;0;
2015-04-08;0;0.0;0;0;0;
2015-04-09;60;1.0;1;1;0;
2015-04-10;0;0.0;0;0;0;
2015-04-11;176;2.93;5;5;0;
2015-04-12;0;0.0;0;0;0;
2015-04-13;0;0.0;0;0;0;
2015-04-14;0;0.0;0;0;0;
2015-04-15;0;0.0;0;0;0;
2015-04-16;0;0.0;0;0;0;
2015-04-17;0;0.0;0;0;0;
2015-04-18;132;2.2;3;0;1;
2015-04-19;0;0.0;0;0;0;
2015-04-20;0;0.0;0;0;0;
2015-04-21;0;0.0;0;0;0;
2015-04-22;0;0.0;0;0;0;
2015-04-23;0;0.0;0;0;0;
2015-04-24;0;0.0;0;0;0;
2015-04-25;0;0.0;0;0;0;
2015-04-26;0;0.0;0;0;0;
2015-04-27;0;0.0;0;0;0;
2015-04-28;0;0.0;0;0;0;
2015-04-29;0;0.0;0;0;0;
2015-04-30;0;0.0;0;0;0;
2015-05-01;0;0.0;0;0;0;
2015-05-02;0;0.0;0;0;0;
2015-05-03;0;0.0;0;0;0;
2015-05-04;0;0.0;0;0;0;
2015-05-05;0;0.0;0;0;0;
2015-05-06;0;0.0;0;0;0;
2015-05-07;0;0.0;0;0;0;
2015-05-08;0;0.0;0;0;0;
2015-05-09;0;0.0;0;0;0;
2015-05-10;88;1.47;1;0;1;
2015-05-11;0;0.0;0;0;0;
2015-05-12;0;0.0;0;0;0;
2015-05-13;0;0.0;0;0;0;
2015-05-14;0;0.0;0;0;0;
2015-05-15;0;0.0;0;0;0;
2015-05-16;0;0.0;0;0;0;
2015-05-17;0;0.0;0;0;0;
2015-05-18;0;0.0;0;0;0;
2015-05-19;0;0.0;0;0;0;
2015-05-20;0;0.0;0;0;0;
2015-05-21;0;0.0;0;0;0;
2015-05-22;0;0.0;0;0;0;
2015-05-23;0;0.0;0;0;0;
2015-05-24;44;0.73;2;2;0;
2015-05-25;0;0.0;0;0;0;
2015-05-26;0;0.0;0;0;0;
2015-05-27;0;0.0;0;0;0;
2015-05-28;0;0.0;0;0;0;
2015-05-29;0;0.0;0;0;0;
2015-05-30;220;3.67;10;10;0;
2015-05-31;198;3.3;9;9;0;
2015-06-01;0;0.0;0;0;0;
2015-06-02;0;0.0;0;0;0;
2015-06-03;0;0.0;0;0;0;
2015-06-04;44;0.73;2;2;0;
2015-06-05;0;0.0;0;0;0;
2015-06-06;0;0.0;0;0;0;
2015-06-07;0;0.0;0;0;0;
2015-06-08;0;0.0;0;0;0;
2015-06-09;0;0.0;0;0;0;
2015-06-10;0;0.0;0;0;0;
2015-06-11;0;0.0;0;0;0;
2015-06-12;44;0.73;2;2;0;
2015-06-13;154;2.57;7;7;0;
2015-06-14;198;3.3;3;2;1;
2015-06-15;177;2.95;3;3;0;
2015-06-16;118;1.97;2;2;0;
2015-06-17;487;8.12;6;1;4;
2015-06-18;118;1.97;2;2;0;
2015-06-19;236;3.93;4;4;0;
2015-06-20;295;4.92;5;5;0;
2015-06-21;59;0.98;1;1;0;
2015-06-22;59;0.98;1;1;0;
2015-06-23;59;0.98;1;1;0;
2015-06-24;59;0.98;1;1;0;
2015-06-25;59;0.98;1;1;0;
2015-06-26;0;0.0;0;0;0;
2015-06-27;640;10.67;3;0;3;
2015-06-28;118;1.97;2;2;0;
2015-06-29;95;1.58;1;0;1;
2015-06-30;59;0.98;1;1;0;
2015-07-01;304;5.07;6;6;0;
2015-07-02;222;3.7;3;2;1;
2015-07-03;209;3.48;2;0;2;
2015-07-04;0;0.0;0;0;0;
2015-07-05;118;1.97;2;2;0;
2015-07-06;0;0.0;0;0;0;
2015-07-07;118;1.97;2;2;0;
2015-07-08;0;0.0;0;0;0;
2015-07-09;118;1.97;2;2;0;
2015-07-10;59;0.98;1;1;0;
2015-07-11;0;0.0;0;0;0;
2015-07-12;0;0.0;0;0;0;
2015-07-13;0;0.0;0;0;0;
2015-07-14;0;0.0;0;0;0;
2015-07-15;0;0.0;0;0;0;
2015-07-16;0;0.0;0;0;0;
2015-07-17;0;0.0;0;0;0;
2015-07-18;118;1.97;2;2;0;
2015-07-19;103;1.72;2;2;0;
2015-07-20;0;0.0;0;0;0;
2015-07-21;0;0.0;0;0;0;
2015-07-22;0;0.0;0;0;0;
2015-07-23;97;1.62;1;0;1;
2015-07-24;239;3.98;5;4;1;
2015-07-25;462;7.7;11;11;0;
2015-07-26;42;0.7;1;1;0;
2015-07-27;0;0.0;0;0;0;
2015-07-28;168;2.8;4;4;0;
2015-07-29;268;4.47;5;4;1;
2015-07-30;84;1.4;2;2;0;
2015-07-31;441;7.35;9;8;1;
2015-08-01;336;5.6;8;8;0;
2015-08-02;254;4.23;6;6;0;
2015-08-03;91;1.52;1;0;1;
2015-08-04;0;0.0;0;0;0;
2015-08-05;44;0.73;1;1;0;
2015-08-06;0;0.0;0;0;0;
2015-08-07;0;0.0;0;0;0;
2015-08-08;0;0.0;0;0;0;
2015-08-09;0;0.0;0;0;0;
2015-08-10;0;0.0;0;0;0;
2015-08-11;0;0.0;0;0;0;
2015-08-12;30;0.5;1;1;0;
2015-08-13;0;0.0;0;0;0;
2015-08-14;98;1.63;1;0;1;
2015-08-15;44;0.73;1;1;0;
2015-08-16;99;1.65;2;2;0;
2015-08-17;0;0.0;0;0;0;
2015-08-18;0;0.0;0;0;0;
2015-08-19;0;0.0;0;0;0;
2015-08-20;88;1.47;2;2;0;
2015-08-21;0;0.0;0;0;0;
2015-08-22;0;0.0;0;0;0;
2015-08-23;0;0.0;0;0;0;
2015-08-24;88;1.47;2;2;0;
2015-08-25;220;3.67;5;5;0;
2015-08-26;176;2.93;4;4;0;
2015-08-27;88;1.47;2;2;0;
2015-08-28;176;2.93;4;4;0;
2015-08-29;88;1.47;2;2;0;
2015-08-30;0;0.0;0;0;0;
2015-08-31;0;0.0;0;0;0;
2015-09-01;0;0.0;0;0;0;
2015-09-02;0;0.0;0;0;0;
2015-09-03;22;0.37;1;1;0;
2015-09-04;0;0.0;0;0;0;
2015-09-05;94;1.57;1;0;1;
2015-09-06;0;0.0;0;0;0;
2015-09-07;0;0.0;0;0;0;
2015-09-08;0;0.0;0;0;0;
2015-09-09;0;0.0;0;0;0;
2015-09-10;0;0.0;0;0;0;
2015-09-11;88;1.47;2;2;0;
2015-09-12;167;2.78;4;3;1;
2015-09-13;66;1.1;3;3;0;
2015-09-14;0;0.0;0;0;0;
2015-09-15;0;0.0;0;0;0;
2015-09-16;176;2.93;4;4;0;
2015-09-17;88;1.47;2;2;0;
2015-09-18;0;0.0;0;0;0;
2015-09-19;0;0.0;0;0;0;
2015-09-20;0;0.0;0;0;0;
2015-09-21;0;0.0;0;0;0;
2015-09-22;0;0.0;0;0;0;
2015-09-23;0;0.0;0;0;0;
2015-09-24;88;1.47;2;2;0;
2015-09-25;0;0.0;0;0;0;
2015-09-26;193;3.22;7;5;0;
2015-09-27;210;3.5;5;5;0;
2015-09-28;0;0.0;0;0;0;
2015-09-29;42;0.7;1;1;0;
2015-09-30;319;5.32;5;3;2;
2015-10-01;42;0.7;1;1;0;
2015-10-02;294;4.9;7;7;0;
2015-10-03;42;0.7;1;1;0;
2015-10-04;214;3.57;3;1;2;
2015-10-05;0;0.0;0;0;0;
2015-10-06;22;0.37;1;1;0;
2015-10-07;66;1.1;3;3;0;
2015-10-08;44;0.73;1;1;0;
2015-10-09;0;0.0;0;0;0;
2015-10-10;184;3.07;3;2;1;
2015-10-11;0;0.0;0;0;0;
2015-10-12;0;0.0;0;0;0;
2015-10-13;0;0.0;0;0;0;
2015-10-14;0;0.0;0;0;0;
2015-10-15;0;0.0;0;0;0;
2015-10-16;0;0.0;0;0;0;
2015-10-17;0;0.0;0;0;0;
2015-10-18;0;0.0;0;0;0;
2015-10-19;44;0.73;1;1;0;
2015-10-20;0;0.0;0;0;0;
2015-10-21;44;0.73;1;1;0;
2015-10-22;88;1.47;2;2;0;
2015-10-23;186;3.1;5;5;0;
2015-10-24;364;6.07;7;6;1;
2015-10-25;104;1.73;1;0;1;
2015-10-26;0;0.0;0;0;0;
2015-10-27;0;0.0;0;0;0;
2015-10-28;0;0.0;0;0;0;
2015-10-29;88;1.47;2;2;0;
2015-10-30;195;3.25;3;2;1;
2015-10-31;44;0.73;1;1;0;
2015-11-01;0;0.0;0;0;0;
2015-11-02;0;0.0;0;0;0;
2015-11-03;88;1.47;2;2;0;
2015-11-04;0;0.0;0;0;0;
2015-11-05;0;0.0;0;0;0;
2015-11-06;0;0.0;0;0;0;
2015-11-07;83;1.38;1;0;1;
2015-11-08;0;0.0;0;0;0;
2015-11-09;0;0.0;0;0;0;
2015-11-10;0;0.0;0;0;0;
2015-11-11;0;0.0;0;0;0;
2015-11-12;0;0.0;0;0;0;
2015-11-13;0;0.0;0;0;0;
2015-11-14;176;2.93;4;4;0;
2015-11-15;0;0.0;0;0;0;
2015-11-16;95;1.58;1;0;1;
2015-11-17;0;0.0;0;0;0;
2015-11-18;90;1.5;1;0;1;
2015-11-19;44;0.73;1;1;0;
2015-11-20;44;0.73;1;1;0;
2015-11-21;278;4.63;7;7;0;
2015-11-22;280;4.67;5;5;0;
2015-11-23;168;2.8;3;3;0;
2015-11-24;171;2.85;3;2;1;
2015-11-25;85;1.42;1;0;1;
2015-11-26;0;0.0;0;0;0;
2015-11-27;88;1.47;2;2;0;
2015-11-28;104;1.73;3;2;1;
2015-11-29;0;0.0;0;0;0;
2015-11-30;88;1.47;2;2;0;
2015-12-01;0;0.0;0;0;0;
2015-12-02;30;0.5;1;1;0;
2015-12-03;0;0.0;0;0;0;
2015-12-04;142;2.37;3;3;0;
2015-12-05;250;4.17;5;5;0;
2015-12-06;54;0.9;1;1;0;
2015-12-07;76;1.27;2;2;0;
2015-12-08;0;0.0;0;0;0;
2015-12-09;152;2.53;3;3;0;
2015-12-10;208;3.47;6;6;0;
2015-12-11;260;4.33;6;6;0;
2015-12-12;88;1.47;3;3;0;
2015-12-13;44;0.73;1;1;0;
2015-12-14;110;1.83;4;4;0;
2015-12-15;66;1.1;3;3;0;
2015-12-16;0;0.0;0;0;0;
2015-12-17;0;0.0;0;0;0;
2015-12-18;74;1.23;2;2;0;
2015-12-19;306;5.1;8;6;2;
2015-12-20;242;4.03;8;8;0;
2015-12-21;400;6.67;6;3;3;
2015-12-22;416;6.93;15;15;0;
2015-12-23;71;1.18;2;2;0;
2015-12-24;196;3.27;4;4;0;
2015-12-25;49;0.82;1;1;0;
2015-12-26;235;3.92;5;5;0;
2015-12-27;110;1.83;5;5;0;
2015-12-28;210;3.5;5;5;0;
2015-12-29;170;2.83;4;4;0;
2015-12-30;483;8.05;8;5;3;
2015-12-31;0;0.0;1;1;0;
2016-01-01;117;1.95;13;12;1;
2016-01-02;0;0.0;6;6;0;
2016-01-03;0;0.0;2;2;0;
2016-01-04;44;0.73;2;2;0;
2016-01-05;0;0.0;0;0;0;
2016-01-06;88;1.47;9;9;0;
2016-01-07;66;1.1;8;8;0;
2016-01-08;154;2.57;12;12;0;
2016-01-09;0;0.0;8;8;0;
2016-01-10;154;2.57;7;7;0;
2016-01-11;0;0.0;0;0;0;
2016-01-12;22;0.37;1;1;0;
2016-01-13;132;2.2;6;6;0;
2016-01-14;44;0.73;2;2;0;
2016-01-15;110;1.83;5;5;0;
2016-01-16;44;0.73;2;2;0;
2016-01-17;215;3.58;8;7;1;
2016-01-18;44;0.73;2;2;0;
2016-01-19;0;0.0;0;0;0;
2016-01-20;88;1.47;4;4;0;
2016-01-21;259;4.32;4;3;1;
2016-01-22;66;1.1;3;3;0;
2016-01-23;44;0.73;2;2;0;
2016-01-24;0;0.0;0;0;0;
2016-01-25;0;0.0;0;0;0;
2016-01-26;0;0.0;0;0;0;
2016-01-27;0;0.0;0;0;0;
2016-01-28;124;2.07;1;0;1;
2016-01-29;45;0.75;1;1;0;
2016-01-30;110;1.83;5;5;0;
2016-01-31;170;2.83;3;2;1;
2016-02-01;208;3.47;6;6;0;
2016-02-02;0;0.0;0;0;0;
2016-02-03;0;0.0;0;0;0;
2016-02-04;165;2.75;3;2;1;
2016-02-05;268;4.47;8;8;0;
2016-02-06;178;2.97;6;6;0;
2016-02-07;157;2.62;4;4;0;
2016-02-08;137;2.28;1;0;1;
2016-02-09;82;1.37;2;1;1;
2016-02-10;88;1.47;4;4;0;
2016-02-11;110;1.83;5;5;0;
2016-02-12;66;1.1;3;3;0;
2016-02-13;22;0.37;2;1;0;
2016-02-14;22;0.37;1;1;0;
2016-02-15;0;0.0;1;0;0;
2016-02-16;0;0.0;0;0;0;
2016-02-17;154;2.57;7;7;0;
2016-02-18;0;0.0;0;0;0;
2016-02-19;44;0.73;2;2;0;
2016-02-20;154;2.57;7;7;0;
2016-02-21;88;1.47;4;4;0;
2016-02-22;188;3.13;4;3;1;
2016-02-23;0;0.0;0;0;0;
2016-02-24;121;2.02;1;0;1;
2016-02-25;100;1.67;1;0;1;
2016-02-26;106;1.77;1;0;1;
2016-02-27;324;5.4;5;3;2;
2016-02-28;166;2.77;4;3;1;
2016-02-29;132;2.2;6;6;0;
2016-03-01;0;0.0;0;0;0;
2016-03-02;330;5.5;15;15;0;
2016-03-03;0;0.0;1;0;0;
2016-03-04;0;0.0;0;0;0;
2016-03-05;195;3.25;5;4;1;
2016-03-06;94;1.57;4;4;0;
2016-03-07;0;0.0;0;0;0;
2016-03-08;279;4.65;5;4;1;
2016-03-09;365;6.08;10;10;0;
2016-03-10;270;4.5;7;7;0;
2016-03-11;205;3.42;3;2;1;
2016-03-12;352;5.87;10;10;0;
2016-03-13;44;0.73;1;1;0;
2016-03-14;88;1.47;2;2;0;
2016-03-15;44;0.73;1;1;0;
2016-03-16;44;0.73;1;1;0;
2016-03-17;176;2.93;5;5;0;
2016-03-18;324;5.4;6;6;0;
2016-03-19;364;6.07;6;5;1;
2016-03-20;152;2.53;3;3;0;
2016-03-21;198;3.3;7;6;0;
2016-03-22;440;7.33;13;13;0;
2016-03-23;22;0.37;1;1;0;
2016-03-24;176;2.93;4;4;0;
2016-03-25;88;1.47;2;2;0;
2016-03-26;264;4.4;6;6;0;
2016-03-27;0;0.0;0;0;0;
2016-03-28;0;0.0;0;0;0;
2016-03-29;0;0.0;0;0;0;
2016-03-30;114;1.9;1;0;1;
2016-03-31;109;1.82;1;0;1;
2016-04-01;92;1.53;1;0;1;
2016-04-02;195;3.25;2;0;2;
2016-04-03;22;0.37;1;1;0;
2016-04-04;188;3.13;2;0;2;
2016-04-05;0;0.0;0;0;0;
2016-04-06;0;0.0;0;0;0;
2016-04-07;97;1.62;1;0;1;
2016-04-08;0;0.0;0;0;0;
2016-04-09;0;0.0;0;0;0;
2016-04-10;0;0.0;0;0;0;
2016-04-11;250;4.17;4;3;1;
2016-04-12;129;2.15;3;3;0;
2016-04-13;86;1.43;2;2;0;
2016-04-14;0;0.0;0;0;0;
2016-04-15;0;0.0;0;0;0;
2016-04-16;0;0.0;0;0;0;
2016-04-17;129;2.15;6;3;0;
2016-04-18;0;0.0;0;0;0;
2016-04-19;129;2.15;3;3;0;
2016-04-20;129;2.15;3;3;0;
2016-04-21;215;3.58;5;5;0;
2016-04-22;266;4.43;7;6;0;
2016-04-23;410;6.83;11;11;0;
2016-04-24;304;5.07;10;10;0;
2016-04-25;172;2.87;4;4;0;
2016-04-26;86;1.43;2;2;0;
2016-04-27;0;0.0;0;0;0;
2016-04-28;86;1.43;2;2;0;
2016-04-29;129;2.15;3;3;0;
2016-04-30;267;4.45;7;7;0;
2016-05-01;151;2.52;4;4;0;
2016-05-02;43;0.72;1;1;0;
2016-05-03;86;1.43;3;2;0;
2016-05-04;43;0.72;3;1;0;
2016-05-05;43;0.72;1;1;0;
2016-05-06;0;0.0;3;0;0;
2016-05-07;0;0.0;2;0;0;
2016-05-08;117;1.95;4;4;0;
2016-05-09;103;1.72;3;3;0;
2016-05-10;163;2.72;5;5;0;
2016-05-11;132;2.2;7;6;0;
2016-05-12;43;0.72;2;1;0;
2016-05-13;121;2.02;2;1;1;
2016-05-14;0;0.0;2;0;0;
2016-05-15;86;1.43;4;2;0;
2016-05-16;0;0.0;0;0;0;
2016-05-17;132;2.2;7;6;0;
2016-05-18;285;4.75;13;12;0;
2016-05-19;86;1.43;3;2;0;
2016-05-20;186;3.1;3;2;1;
2016-05-21;129;2.15;3;3;0;
2016-05-22;152;2.53;5;5;0;
2016-05-23;0;0.0;0;0;0;
2016-05-24;371;6.18;6;2;3;
2016-05-25;0;0.0;0;0;0;
2016-05-26;43;0.72;1;1;0;
2016-05-27;206;3.43;6;6;0;
2016-05-28;219;3.65;6;6;0;
2016-05-29;120;2.0;5;4;0;
2016-05-30;146;2.43;4;4;0;
2016-05-31;235;3.92;7;6;1;
2016-06-01;0;0.0;1;0;0;
2016-06-02;0;0.0;2;0;0;
2016-06-03;178;2.97;7;7;0;
2016-06-04;131;2.18;2;1;1;
2016-06-05;66;1.1;4;3;0;
2016-06-06;44;0.73;4;2;0;
2016-06-07;112;1.87;4;1;1;
2016-06-08;66;1.1;5;3;0;
2016-06-09;66;1.1;3;3;0;
2016-06-10;345;5.75;8;6;2;
2016-06-11;110;1.83;5;5;0;
2016-06-12;132;2.2;7;6;0;
2016-06-13;0;0.0;1;0;0;
2016-06-14;166;2.77;4;3;1;
2016-06-15;132;2.2;6;6;0;
2016-06-16;282;4.7;8;6;2;
2016-06-17;90;1.5;5;5;0;
2016-06-18;60;1.0;9;8;0;
2016-06-19;244;4.07;15;14;0;
2016-06-20;0;0.0;2;2;0;
2016-06-21;0;0.0;2;2;0;
2016-06-22;0;0.0;3;3;0;
2016-06-23;190;3.17;2;0;2;
2016-06-24;247;4.12;10;9;1;
2016-06-25;0;0.0;3;0;0;
2016-06-26;148;2.47;6;5;0;
2016-06-27;0;0.0;0;0;0;
2016-06-28;60;1.0;2;1;0;
2016-06-29;192;3.2;9;6;1;
2016-06-30;0;0.0;2;0;0;
2016-07-01;0;0.0;0;0;0;
2016-07-02;164;2.73;4;4;0;
2016-07-03;202;3.37;4;4;0;
2016-07-04;377;6.28;14;13;1;
2016-07-05;197;3.28;10;7;0;
2016-07-06;66;1.1;3;3;0;
2016-07-07;220;3.67;13;8;0;
2016-07-08;132;2.2;5;3;0;
2016-07-09;220;3.67;7;5;0;
2016-07-10;220;3.67;5;5;0;
2016-07-11;22;0.37;1;1;0;
2016-07-12;59;0.98;1;1;0;
2016-07-13;154;2.57;5;5;0;
2016-07-14;81;1.35;2;2;0;
2016-07-15;132;2.2;3;3;0;
2016-07-16;235;3.92;4;3;1;
2016-07-17;389;6.48;9;9;0;
2016-07-18;22;0.37;1;1;0;
2016-07-19;176;2.93;5;5;0;
2016-07-20;88;1.47;4;4;0;
2016-07-21;405;6.75;12;12;0;
2016-07-22;251;4.18;5;4;1;
2016-07-23;347;5.78;9;8;1;
2016-07-24;314;5.23;11;11;0;
2016-07-25;103;1.72;2;2;0;
2016-07-26;1;0.02;1;0;1;
2016-07-27;58;0.97;1;1;0;
2016-07-28;168;2.8;6;6;0;
2016-07-29;209;3.48;2;0;2;
2016-07-30;211;3.52;3;2;1;
2016-07-31;248;4.13;8;8;0;
2016-08-01;88;1.47;4;4;0;
2016-08-02;44;0.73;1;1;0;
2016-08-03;0;0.0;0;0;0;
2016-08-04;0;0.0;0;0;0;
2016-08-05;110;1.83;1;0;1;
2016-08-06;66;1.1;3;3;0;
2016-08-07;0;0.0;0;0;0;
2016-08-08;234;3.9;2;0;2;
2016-08-09;183;3.05;4;3;1;
2016-08-10;0;0.0;0;0;0;
2016-08-11;0;0.0;0;0;0;
2016-08-12;22;0.37;1;1;0;
2016-08-13;234;3.9;2;0;2;
2016-08-14;272;4.53;5;3;2;
2016-08-15;22;0.37;1;1;0;
2016-08-16;205;3.42;5;4;1;
2016-08-17;234;3.9;2;0;2;
2016-08-18;117;1.95;1;0;1;
2016-08-19;139;2.32;2;1;1;
2016-08-20;66;1.1;3;3;0;
2016-08-21;60;1.0;1;1;0;
2016-08-22;66;1.1;3;3;0;
2016-08-23;0;0.0;0;0;0;
2016-08-24;0;0.0;0;0;0;
2016-08-25;159;2.65;3;2;1;
2016-08-26;180;3.0;7;7;0;
2016-08-27;447;7.45;7;5;2;
2016-08-28;229;3.82;7;7;0;
2016-08-29;96;1.6;2;2;0;
2016-08-30;48;0.8;1;1;0;
2016-08-31;298;4.97;7;7;0;
2016-09-01;180;3.0;7;7;0;
2016-09-02;0;0.0;0;0;0;
2016-09-03;90;1.5;1;1;0;
2016-09-04;70;1.17;2;2;0;
2016-09-05;180;3.0;4;4;0;
2016-09-06;0;0.0;0;0;0;
2016-09-07;45;0.75;1;1;0;
2016-09-08;225;3.75;4;4;0;
2016-09-09;270;4.5;6;6;0;
2016-09-10;292;4.87;7;7;0;
2016-09-11;44;0.73;2;2;0;
2016-09-12;90;1.5;1;1;0;
2016-09-13;156;2.6;4;4;0;
2016-09-14;0;0.0;0;0;0;
2016-09-15;363;6.05;7;6;1;
2016-09-16;262;4.37;6;6;0;
2016-09-17;305;5.08;5;4;1;
2016-09-18;139;2.32;2;2;0;
2016-09-19;147;2.45;3;3;0;
2016-09-20;0;0.0;0;0;0;
2016-09-21;90;1.5;1;1;0;
2016-09-22;104;1.73;1;0;1;
2016-09-23;237;3.95;3;2;1;
2016-09-24;315;5.25;5;4;1;
2016-09-25;212;3.53;5;4;1;
2016-09-26;44;0.73;2;2;0;
2016-09-27;22;0.37;1;1;0;
2016-09-28;66;1.1;3;3;0;
2016-09-29;198;3.3;5;5;0;
2016-09-30;110;1.83;2;2;0;
2016-10-01;420;7.0;7;7;0;
2016-10-02;275;4.58;5;5;0;
2016-10-03;134;2.23;3;3;0;
2016-10-04;0;0.0;0;0;0;
2016-10-05;44;0.73;2;2;0;
2016-10-06;66;1.1;3;3;0;
2016-10-07;0;0.0;0;0;0;
2016-10-08;119;1.98;5;4;1;
2016-10-09;547;9.12;12;12;0;
2016-10-10;0;0.0;0;0;0;
2016-10-11;301;5.02;7;7;0;
2016-10-12;86;1.43;2;2;0;
2016-10-13;151;2.52;4;4;0;
2016-10-14;393;6.55;10;10;0;
2016-10-15;538;8.97;13;13;0;
2016-10-16;348;5.8;7;7;0;
2016-10-17;86;1.43;2;2;0;
2016-10-18;153;2.55;6;6;0;
2016-10-19;44;0.73;2;2;0;
2016-10-20;0;0.0;0;0;0;
2016-10-21;212;3.53;3;2;1;
2016-10-22;300;5.0;5;5;0;
2016-10-23;360;6.0;6;6;0;
2016-10-24;142;2.37;4;4;0;
2016-10-25;52;0.87;2;2;0;
2016-10-26;0;0.0;0;0;0;
2016-10-27;22;0.37;1;1;0;
2016-10-28;0;0.0;0;0;0;
2016-10-29;288;4.8;5;4;1;
2016-10-30;22;0.37;1;1;0;
2016-10-31;154;2.57;7;7;0;
2016-11-01;208;3.47;5;4;1;
2016-11-02;88;1.47;2;2;0;
2016-11-03;441;7.35;10;7;3;
2016-11-04;44;0.73;1;1;0;
2016-11-05;406;6.77;10;9;1;
2016-11-06;288;4.8;4;3;1;
2016-11-07;0;0.0;0;0;0;
2016-11-08;120;2.0;2;2;0;
2016-11-09;60;1.0;1;1;0;
2016-11-10;300;5.0;5;5;0;
2016-11-11;110;1.83;4;4;0;
2016-11-12;44;0.73;1;1;0;
2016-11-13;330;5.5;4;2;2;
2016-11-14;156;2.6;4;3;1;
2016-11-15;134;2.23;2;1;1;
2016-11-16;88;1.47;4;4;0;
2016-11-17;44;0.73;2;2;0;
2016-11-18;429;7.15;9;7;2;
2016-11-19;360;6.0;5;2;3;
2016-11-20;300;5.0;4;2;2;
2016-11-21;234;3.9;2;0;2;
2016-11-22;264;4.4;6;5;1;
2016-11-23;114;1.9;1;0;1;
2016-11-24;255;4.25;7;6;1;
2016-11-25;110;1.83;4;4;0;
2016-11-26;176;2.93;7;7;0;
2016-11-27;66;1.1;2;2;0;
2016-11-28;44;0.73;1;1;0;
2016-11-29;0;0.0;0;0;0;
2016-11-30;88;1.47;4;4;0;
2016-12-01;44;0.73;2;2;0;
2016-12-02;121;2.02;3;2;1;
2016-12-03;22;0.37;1;1;0;
2016-12-04;135;2.25;3;3;0;
2016-12-05;90;1.5;2;2;0;
2016-12-06;45;0.75;1;1;0;
2016-12-07;22;0.37;1;1;0;
2016-12-08;96;1.6;1;0;1;
2016-12-09;120;2.0;2;2;0;
2016-12-10;60;1.0;1;1;0;
2016-12-11;82;1.37;2;2;0;
2016-12-12;126;2.1;4;4;0;
2016-12-13;97;1.62;4;4;0;
2016-12-14;147;2.45;6;6;0;
2016-12-15;44;0.73;2;2;0;
2016-12-16;137;2.28;4;2;2;
2016-12-17;44;0.73;2;2;0;
2016-12-18;230;3.83;4;2;2;
2016-12-19;93;1.55;1;0;1;
2016-12-20;115;1.92;2;1;1;
2016-12-21;370;6.17;4;0;4;
2016-12-22;0;0.0;0;0;0;
2016-12-23;0;0.0;0;0;0;
2016-12-24;0;0.0;0;0;0;
2016-12-25;81;1.35;1;0;1;
2016-12-26;550;9.17;11;7;4;
2016-12-27;316;5.27;10;9;1;
2016-12-28;267;4.45;6;3;3;
2016-12-29;444;7.4;2;1;1;
2016-12-30;108;1.8;1;0;1;
2016-12-31;443;7.38;6;2;4;
2017-01-01;262;4.37;3;0;3;
2017-01-02;308;5.13;11;10;1;
2017-01-03;44;0.73;2;2;0;
2017-01-04;110;1.83;5;5;0;
2017-01-05;88;1.47;4;4;0;
2017-01-06;436;7.27;10;6;4;
